time_step,weight_0,weight_1,weight_2,weight_3,weight_4,weight_5,weight_6,weight_7,weight_8,weight_9,weight_10
0,0.0,1.0,0.0,0.0,0.0,0.0,0.0,0.0,0.0,0.0,0.0
1,0.0,0.9989041146094847,0.0010956930759387629,1.9227239408763312e-07,4.2182389789870314e-11,0.0,0.0,0.0,0.0,0.0,0.0
2,0.0,0.993664619360853,0.006331350859488209,4.025421835268796e-06,4.357668861480856e-09,1.5463508707795964e-13,0.0,0.0,0.0,0.0,0.0
3,0.0,0.9679357967908104,0.03188697714663437,0.0001765953549013178,6.299782760225804e-07,7.280551053661108e-10,1.3219853634133242e-12,0.0,0.0,0.0,0.0
4,0.0,0.9468804762139591,0.05263153068166182,0.000485144747674256,2.8425300761568753e-06,5.81120309212185e-09,1.5418768584111046e-11,6.503947466732793e-15,0.0,0.0,0.0
5,0.0,0.9374603749446885,0.061848504118174434,0.000686564786503836,4.543852416200683e-06,1.2265476429732485e-08,3.2712722814113424e-11,2.7418243444322758e-14,0.0,0.0,0.0
6,0.0,0.9032749394775001,0.09509951056181695,0.0016077079866390848,1.7773546489258764e-05,6.809537682600618e-08,3.317371844885722e-10,4.3904230984596464e-13,5.610234994804397e-16,0.0,0.0
7,0.0,0.8762627407930863,0.12116188704373713,0.0025365987404068675,3.860478684727217e-05,1.6747270804244694e-07,1.1614321246386274e-09,1.7762878552845117e-12,4.7981522896320726e-15,0.0,0.0
8,0.0,0.8467329203954581,0.14941332356348597,0.0037777508880770787,7.56291455915973e-05,3.7260661392119496e-07,3.394612717027522e-09,6.1333814987465325e-12,2.5799630698483852e-14,0.0,0.0
9,0.0,0.8213955616846192,0.1726601914741759,0.005827907387100233,0.00011528857965494007,1.043654486787671e-06,7.189233460814419e-09,3.0644605273132756e-11,8.339178155582329e-14,0.0,0.0
10,0.0,0.8002500130705288,0.19183919927351406,0.007743006594602442,0.00016585910847504608,1.9076163670926933e-06,1.4261528703751467e-08,7.473322817949395e-11,2.4859637326654447e-13,0.0,0.0
11,0.0,0.7580665856662983,0.23051520128911002,0.01109177260386434,0.00032237976410865235,4.015997819782742e-06,4.443395947416059e-08,2.434600588160335e-10,1.3760179030039638e-12,8.655114573928759e-16,0.0
12,0.0,0.742306308976499,0.24441087810843692,0.012879237864525217,0.00039795475395218996,5.555903848132205e-06,6.398902789362206e-08,4.013823106699414e-10,2.3228772647102596e-12,2.4665437301543187e-15,0.0
13,0.0,0.7077778776601525,0.2750370290497976,0.016549787650521147,0.000625747996185788,9.417354939828237e-06,1.393768147257364e-07,9.043595682867511e-10,7.21369288168353e-12,1.1687526747627929e-14,0.0
14,0.0,0.6545103391274155,0.3178090928261421,0.02652870256945425,0.001124982142331067,2.6473354597549622e-05,4.0562788557673665e-07,4.318612611395023e-09,3.34029621571847e-11,1.5433021055758931e-13,0.0
15,0.0,0.629390557999795,0.3381018161383624,0.030997075634614672,0.0014724356441976351,3.745836846865417e-05,6.486680403201277e-07,7.48028916348905e-09,6.587333336959888e-11,3.5455710564862687e-13,0.0
16,0.0,0.613352390391468,0.35041900177496116,0.03444513302332657,0.0017352895213295103,4.730540110872998e-05,8.690555942767601e-07,1.0731272771077302e-08,1.0033210402795238e-10,6.025683164869975e-13,0.0
17,0.0,0.5661778371193301,0.3848301071675361,0.04613528361626277,0.0027637364858967123,9.100878847722297e-05,1.9969099301077664e-06,2.9577942945909406e-08,3.3206499412379426e-10,2.549767610019695e-12,4.836235999607696e-15
18,0.0,0.520321987960992,0.4163943693087208,0.05883379087174884,0.00428431928411943,0.000161084145140108,4.375150503162198e-06,7.222948083175068e-08,1.040525283065224e-09,8.716871863688618e-12,4.7770849310449513e-14
19,0.0,0.49932431100326563,0.4284667867389008,0.06683122576572936,0.005155261563360859,0.0002162039270245358,6.095024179148052e-06,1.1430660882761146e-07,1.6541433250052504e-09,1.6683543835102254e-11,9.871924373060132e-14
20,0.0,0.48549329198246066,0.43630765471282906,0.07208699508075193,0.005845397247767623,0.0002588561753877815,7.650964972159851e-06,1.5151718209057733e-07,2.293841267269802e-09,2.463745018710232e-11,1.6437968225401273e-13
21,0.0,0.45906636316776334,0.4488858908565208,0.08426463067668047,0.007400921888680822,0.0003700962685418374,1.1830297670711758e-05,2.6250516319799614e-07,4.286091896602075e-09,5.246108797233344e-11,4.20057366271742e-13
22,0.0,0.41056224479260545,0.46857115599932103,0.1085480182469192,0.011593375314078364,0.0006976284242613736,2.6848281968985884e-05,7.148033356972555e-07,1.3929805915397051e-08,2.055174564738997e-10,2.1806179637826515e-12
23,0.0,0.3783719148996761,0.4755491275997782,0.1291789638013292,0.015772411192479244,0.0010785705445602006,4.7560020674985736e-05,1.4197240984965397e-06,3.1683409840375475e-08,5.27382769429216e-10,6.605298171880098e-12
24,0.0,0.35091723588390056,0.4771228411390658,0.14939856896200757,0.02086064664575388,0.0016176353977859935,8.02777823380159e-05,2.7250230512856793e-06,6.78607840709367e-08,1.2870213814680817e-09,1.8286002818443015e-11
25,0.0,0.3393358087399153,0.47580734627076526,0.1590614948398819,0.02372600692428919,0.001962558381310069,0.00010295679898819888,3.727673288686513e-06,9.837136444557797e-08,1.9700355472926405e-09,3.015611334269552e-11
26,0.0,0.3025116485659136,0.45912055874420094,0.19729937674708115,0.037078601807074736,0.003735952089733057,0.00024291013593717083,1.0601258122506607e-05,3.42150233509948e-07,8.346995701662276e-09,1.5470201387793353e-10
27,0.0,0.294135884523467,0.4492728380406603,0.20913043029610742,0.04245004331987104,0.004672746486922043,0.0003222215879738649,1.5294341865088768e-05,5.274238247973412e-07,1.3701665051100675e-08,2.776381665369421e-10
28,0.0,0.2878135463193357,0.43731583014071296,0.22021048478324717,0.04845496117740211,0.005754014493170952,0.0004288797710391451,2.1443834022671863e-05,8.173856706384398e-07,2.159618623509817e-08,4.992073468032202e-10
29,0.0,0.2831672739758864,0.41533346545184857,0.23432409304447044,0.05885444266040825,0.007621789706651854,0.0006637060676150614,3.3602594331455e-05,1.5861345107124055e-06,3.916893493809228e-08,1.1953369329165792e-09
30,0.0,0.27801472305365593,0.3882855711998406,0.25031693359224183,0.07186466163206921,0.010433398807699282,0.0010241224463811596,5.751341137974814e-05,2.989041546168391e-06,8.412329431507929e-08,2.6918863246012154e-09
31,0.0,0.27677522102626556,0.38046479780462605,0.2544633353276272,0.07569979368364849,0.011379077353486278,0.001147136063205203,6.70067378261654e-05,3.523822297395485e-06,1.0486235764258977e-07,3.318654857813543e-09
32,0.0,0.2781015651246361,0.34150103283233585,0.2670655070647113,0.09511982935506677,0.016128982382011093,0.0019522529669486078,0.00012276044882646528,7.814118159412205e-06,2.4622340451100556e-07,9.483894589341101e-09
33,0.0,0.27411734448651376,0.32080807693591973,0.2749314682335187,0.10688490462179048,0.020487777208180687,0.0025664009865695187,0.00019174174714560728,1.1797809097022e-05,4.7172099774718064e-07,1.625026164408699e-08
34,0.0,0.27536748747799744,0.30148201098086197,0.2772018320809804,0.1180412297339399,0.024320167742403597,0.003306647469831142,0.0002624036146708539,1.7454315436665882e-05,7.390814891249159e-07,2.7502383937438216e-08
35,0.0,0.2736470427700678,0.29252839578315576,0.27861184372935394,0.12404427207851516,0.027059484698887085,0.0037655446327007494,0.0003209783751616991,2.141400572220673e-05,9.877297342914348e-07,3.619669692489634e-08
36,0.0,0.2659989954952625,0.27060009777428884,0.27875107843249247,0.14210212767615324,0.03639582467425933,0.0055476419579956505,0.0005615561383753512,4.0411686800385704e-05,2.1794051264125876e-06,8.675924103391739e-08
37,0.0,0.2626589808236995,0.2574697473461188,0.27420850845119915,0.15440909972763572,0.04322225806028129,0.007184544972615471,0.0007816311722867679,6.157572098731294e-05,3.5005817698775793e-06,1.5314340126713115e-07
38,0.0,0.2620143586290185,0.25331186491262375,0.2720026536783743,0.15827971757692177,0.04564926831396901,0.007796916974331646,0.000870714410483561,7.022035691361582e-05,4.10286070926118e-06,1.8228664997610197e-07
39,0.0,0.25817583092767,0.24556621211517835,0.26525014185011253,0.16842688292915595,0.05172845842668903,0.009631406375298242,0.0011153026239509613,9.962652413407608e-05,5.844331491565831e-06,2.938963149273779e-07
40,0.0,0.2563379104299325,0.24134766080134215,0.2603937148605243,0.17409108386314753,0.05555647775323123,0.010854182056353722,0.00129033383046946,0.00012101731293157899,7.238131221272647e-06,3.809608421017114e-07
41,0.0,0.2552451585475124,0.23880906597342164,0.2570183419831987,0.17738138899533365,0.05829703127426427,0.011677196519100774,0.0014268208606730932,0.00013613171330290996,8.419713624816416e-06,4.4441956366813785e-07
42,0.0,0.25365204160812416,0.23545666534270718,0.25187466387765817,0.18154535731418317,0.06271213799724405,0.012922013950816557,0.0016656201204430883,0.00016029195448364413,1.065779406524451e-05,5.50040270793594e-07
43,0.0,0.25224566469319354,0.2337353500516101,0.2481035385732451,0.18442476071471076,0.06559891711935643,0.013864325693821226,0.0018343576683391856,0.0001801195322186602,1.2322122675813237e-05,6.43830825363399e-07
44,0.0,0.24959217529733232,0.23070666614135665,0.24070036875470097,0.18891166160038453,0.07182448722574303,0.015790356114818306,0.0022328910886352236,0.0002239263932533017,1.660097460386604e-05,8.664091681377525e-07
45,0.0,0.2477956953354726,0.22990691781097433,0.2366084016236942,0.19123176068181127,0.07485189780492778,0.016886674782642847,0.002447504226938944,0.00025106912438354435,1.9064367999601785e-05,1.014241151427078e-06
46,0.0,0.24443303521021523,0.22833329335437547,0.22874257336033063,0.19484226654736414,0.08116527504502899,0.019209020304205286,0.0029342929693838464,0.000313792018186502,2.5062678468660012e-05,1.3885124380258698e-06
47,0.0,0.23611969814439607,0.23007210478333462,0.21289335081902055,0.20074484558596634,0.09179236016608884,0.023933381438401742,0.00394259136378748,0.00045994504777209446,3.938289837747023e-05,2.3397528511614633e-06
48,0.0,0.23375612739225005,0.23069688953531556,0.20864004161750763,0.20174526751962762,0.09493635162323998,0.025384213377751427,0.0042831658237225305,0.0005104999839627435,4.473875043539416e-05,2.704376183564183e-06
49,0.0,0.23132712775187436,0.23147631397900015,0.20443057746115167,0.20253162191362384,0.09807648760445545,0.026891135766598285,0.004647033749412598,0.0005658401649286323,5.0740840097850015e-05,3.120768853724807e-06
50,0.0,0.22774468759374736,0.23292364557194556,0.1978298177574511,0.20368650240315841,0.10253152846360875,0.02933699984429692,0.005220864538601584,0.000661277729289639,6.0800629495594554e-05,3.875468401752941e-06
51,0.0,0.22422900648629243,0.23445058944759,0.19139667166583704,0.2044213844059246,0.10687284298578972,0.03193705899109675,0.0058442722328694765,0.0007708543113663149,7.251955531406062e-05,4.799917916272467e-06
52,0.0,0.22168360066389042,0.23559852800807043,0.18752284662997162,0.2043639574170445,0.10992211731856368,0.03366284829426439,0.006309969316213609,0.0008488510906526084,8.179086969523406e-05,5.490391630280553e-06
53,0.0,0.21653192752853526,0.23803619676077287,0.18015534889051946,0.2036354782464957,0.11590481719397452,0.037272030124113606,0.007328219347283607,0.00102526981899425,0.00010356192683964616,7.150162467969775e-06
54,0.0,0.21247807241790195,0.2399139556692541,0.17250052402421145,0.20304716601789685,0.12086234485148614,0.041430067736761916,0.0083822543747782,0.0012477605209208448,0.0001284224345125906,9.431952272969e-06
55,0.0,0.20748836013234806,0.24224406760244474,0.16640102785749308,0.2007613285868648,0.12636282793946055,0.04543307981820647,0.009647567728828809,0.0014886926793080501,0.00016096656409893503,1.2081090943738366e-05
56,0.0,0.2050313109159043,0.24334689612430055,0.16362519109458437,0.19933804906217858,0.12900254498179856,0.047506411928539355,0.010332109136615223,0.0016239972233593506,0.00017982790212371283,1.3661630593392967e-05
57,0.0,0.2026106904465327,0.24438473472357708,0.16104069805218732,0.1977426738552478,0.13155962693229167,0.04962333647662935,0.011052433408497526,0.0017697552849685932,0.0002006181797058085,1.5432640359560466e-05
58,0.0,0.19832447772612108,0.24625286984915634,0.15791915746932833,0.19460470057646795,0.13570516658367682,0.052678088873632165,0.01226039762418147,0.001999546404197386,0.00023721925074047034,1.837564249549302e-05
59,0.0,0.19191040761207234,0.24855316396724517,0.1534218924674045,0.18901138327732014,0.14176060851865419,0.05813126226841917,0.014423182030294,0.0024540716952985873,0.00030932026066553096,2.4707902624131284e-05
60,0.0,0.18942516034187812,0.24890417518782068,0.15077443944102975,0.1858453147649763,0.14436970455002648,0.061754228760175785,0.015759080946031005,0.0027791227746140914,0.0003592723438063679,2.9500889639349827e-05
61,0.0,0.18723274841117318,0.24879821172316158,0.1486495778862081,0.1824441085266008,0.1466392832252459,0.0654768643026748,0.017167037572041133,0.003141263561711806,0.00041572255906661347,3.5182232114179625e-05
62,0.0,0.18564793048776576,0.2464419423982836,0.14601333477651715,0.17689962720989405,0.14873047575820125,0.07232271712577511,0.01950830712263338,0.0038678131086991073,0.0005202111700809323,4.764084214775728e-05
63,0.0,0.18252956287788902,0.24554497571392792,0.14534806799466357,0.17122618040384888,0.151274816710794,0.07710416117111044,0.021810857481937975,0.004471815768616785,0.0006308174244647283,5.874445274492667e-05
64,0.0,0.17977306962013723,0.2440169188565217,0.14539625785248653,0.1653869758924969,0.15326359306829562,0.08189286561505316,0.02428455495483136,0.005152270890663346,0.0007612709538832701,7.22222956291264e-05
65,0.0,0.1779929399462891,0.24022460671422674,0.14637238647488396,0.15833673188590736,0.1541935377173753,0.08823632937150847,0.02744588447095613,0.00615437060231518,0.0009493614357553923,9.38513807805909e-05
66,0.0,0.1777025076467774,0.23699576687365284,0.1475061950248493,0.15422381505102217,0.15396747911948333,0.09220601736506083,0.02936539504611747,0.0068463119375429555,0.0010765105568012,0.00011000137869087754
67,0.0,0.17694672313384527,0.2315338147841397,0.1500391048147645,0.1473116851241373,0.1533517166938413,0.09840758719188493,0.03285021609795072,0.008090149776878846,0.0013279313417589506,0.0001410710407971215
68,0.0,0.17627444264029765,0.22961505696438855,0.15116987757842268,0.14450622932012025,0.15320154004628922,0.10061907794143823,0.03440191397293694,0.008609888197917324,0.0014471542216564013,0.00015481911653144072
69,0.0,0.17666396637065865,0.22525432140002954,0.15332630762343213,0.14065804293382408,0.15183738318516846,0.10442034776320844,0.03652566404272231,0.009506290053619096,0.0016277620014410964,0.00017991462589497516
70,0.0,0.16851590101599115,0.22270211032389328,0.15659866053397392,0.12973500829794637,0.15348996610835325,0.10996297324609493,0.044641016211923845,0.011776228353310398,0.0023261118092211455,0.00025202409929053483
71,0.0,0.1672715776603985,0.21985333528915957,0.15825611086431954,0.12637882604189377,0.15244036107802256,0.11256838035116984,0.04746532288620389,0.01286010050159523,0.0026157972153547683,0.0002901881118811035
72,0.0,0.1670379794514812,0.21737551672969838,0.15956468398551726,0.12436657268318937,0.1512299277858661,0.11436048540989585,0.049301684698178284,0.01362127563249006,0.0028247629880244172,0.0003171106356580825
73,0.0,0.1675037730231497,0.2128382711130584,0.16189067635943644,0.12165061680789077,0.14870653122790298,0.117092194383191,0.05197714398760182,0.014816963939744087,0.00316411173724233,0.0003597174207816805
74,0.0,0.16855450439840186,0.20107788179924824,0.16758641928834,0.11576872663993212,0.14124734548846357,0.12337159210636875,0.05927715641592176,0.018384304045188458,0.004228923436736152,0.0005031463813982797
75,0.0,0.16841447990773115,0.1986552144893312,0.1686190039802733,0.11461817043383274,0.13946753999001377,0.12456567351190771,0.06122309812772353,0.019349173686265753,0.004541509398040715,0.0005461364748794384
76,0.0,0.17018593430877096,0.18759464635166115,0.17359492293690887,0.11157355301036259,0.13118890177837023,0.12905612356536492,0.06719986103715131,0.023152218343566365,0.005724926065229598,0.0007289126026131035
77,0.0,0.17132743815911974,0.1811658429364581,0.17633778687853902,0.11047310904919343,0.1261124502806019,0.1313435225475473,0.07028584143481194,0.02561840176414166,0.006472861975902321,0.000862744973683965
78,0.0,0.17167269855187545,0.17715778281533615,0.17775309175118173,0.1099989752136628,0.12257206618870065,0.1325653994075673,0.0726912306952195,0.027518243330867182,0.007097702288207292,0.0009728097573814746
79,0.0,0.17326197074347205,0.1690776063408865,0.18086484772816233,0.1096067090300301,0.11597079414523598,0.13501465634562573,0.07569459459976419,0.031172496410458068,0.008128283572747561,0.0012080410836172336
80,0.0,0.1726945494923508,0.16779058519168843,0.18074956714744048,0.10978580137396407,0.11407155753405583,0.13500979239113112,0.07751321583257936,0.03242913947390706,0.008666313445514518,0.001289478117368187
81,0.0,0.17194633050130886,0.16371117375181998,0.18088679662456825,0.11052990659197907,0.10892888746612088,0.13522339244205694,0.08127136639956081,0.03593099582171092,0.010034500391631203,0.001536650009243197
82,0.0,0.171157298214482,0.16293599128114702,0.18031165461668655,0.11104281608514344,0.10716829567914053,0.13482769633756136,0.08297994741833119,0.037270792408915385,0.010670126664637796,0.0016353812939548721
83,0.0,0.17030609646507938,0.16230243624257704,0.17961101707592594,0.11163598782422333,0.10545788800379605,0.13432523496155796,0.0846518850381383,0.03863323197186686,0.011336613699621008,0.001739608717214359
84,0.0,0.17085005935607808,0.15506494460425443,0.18102108055740718,0.11317025436173535,0.0991475077623199,0.13515424829637415,0.08621175871164974,0.04419576515792411,0.012949195975236192,0.0022351852170210307
85,0.0,0.1697145733942204,0.1550746083811971,0.17982094196299594,0.11399750348418101,0.09778457362223537,0.13423573699583888,0.08767472094607737,0.04560765546257897,0.013729017793287416,0.002360667957387656
86,0.0,0.16430066301790167,0.16017033816451978,0.17326771170382163,0.11666570753909088,0.09553672621581956,0.12945012855050375,0.0936110395845318,0.04809430331896821,0.01633168961935935,0.0025716922854836077
87,0.0,0.1630021853146904,0.16052886591854174,0.17178580105696634,0.11759553545546686,0.09440800226285878,0.12823377512620066,0.09490200491026912,0.04956894673650306,0.017252659574241803,0.0027222236442615284
88,0.0,0.15890478234553007,0.16219150645043853,0.1669346451511184,0.12039131457081713,0.09155596684481403,0.12417931185847361,0.0983781217399873,0.0540079904181236,0.020244884907317295,0.00321147571338055
89,0.0,0.15700984750444183,0.160079401517734,0.165327970035861,0.12234510037966917,0.08975316062094005,0.12208347010342764,0.09828885683550198,0.05886318326788376,0.02242070014712015,0.003828309587421216
90,0.0,0.15546582992190236,0.1610275198970317,0.16346325484785304,0.12320517662834189,0.08933358526866109,0.1204439818234384,0.09912459785020225,0.060326193298892355,0.023585759973437787,0.0040241004902399485
91,0.0,0.15061288461255162,0.1632801867672096,0.1577215782664293,0.12577208448269891,0.08870942417416716,0.11503652972020384,0.10052489716371635,0.06577751192846908,0.027733671190365627,0.004831231694189697
92,0.0,0.14864098976069473,0.1626763945804219,0.15557365411567817,0.12694737852423332,0.08921415150516289,0.11251801965808754,0.09950637142300638,0.06957361622346687,0.029865284711312355,0.005484139497937145
93,0.0,0.1455387502436821,0.16488398211438496,0.1518448588828801,0.12790741539908468,0.08987372270167257,0.108896288673628,0.100103913677105,0.07221564138615677,0.03276217530934613,0.005973251612061159
94,0.0,0.14402144012797458,0.1659303852285742,0.15004793615359435,0.12828289685495148,0.0903415205137464,0.10707562549112219,0.10029012504055275,0.07350021915083983,0.03427861300618966,0.006231238432456098
95,0.0,0.1380032514775853,0.1733424827279319,0.14272164306837076,0.12856350801489128,0.09098358686626165,0.10010421037605673,0.10388648291648603,0.07532624290214204,0.04036718850880287,0.006701403141472834
96,0.0,0.1359556552064301,0.17160011894082047,0.14080447644494357,0.1288864691931332,0.0939686207331163,0.09684898929249283,0.10090649585564467,0.07950917109100646,0.04381588215537686,0.007704121087037106
97,0.0,0.1338500399038768,0.17336738975213017,0.13849545027893756,0.12843280919786135,0.09494099021431901,0.09408614465205853,0.10125067531814078,0.08059524462071344,0.04691823538261412,0.008063020679349941
98,0.0,0.132794431968534,0.17365184291123645,0.1373948369843831,0.12813958331758518,0.09590141468434023,0.09251076021704642,0.10082535320600165,0.0815869472583273,0.04881170819603646,0.008383121256510894
99,0.0,0.13181533946323828,0.17381259522910855,0.13639424594922034,0.12776642994491097,0.09690198153804813,0.09098987135149642,0.10033137880404258,0.08252869041256658,0.050749738478031464,0.008709728829338546
100,0.0,0.12902859993978824,0.17613720804747698,0.13372540871835517,0.12561906939938017,0.09813209992831283,0.08686008523888365,0.10088586216789615,0.08357536118421277,0.056680900867561425,0.009355404508134591
101,0.0,0.1279493082896538,0.17614701463244345,0.13287536983734038,0.12423498459201576,0.0992418530788933,0.08482345301603658,0.10031838824691368,0.08447587614055731,0.06006379698611426,0.009869955180033698
102,0.0,0.1273289631415843,0.17447431438611377,0.13245683761173954,0.12340574578569294,0.10134426826256956,0.0832243233955291,0.09844863004978738,0.0857659476009626,0.0631155924154936,0.010435377350529669
103,0.0,0.12692834259020966,0.17249929517014295,0.13218094425452803,0.12249365844953627,0.10346304045323396,0.08178027974879033,0.09647900798531989,0.08693457110474842,0.06620848707177385,0.011032373171719088
104,0.0,0.12675139730802065,0.17021916863022532,0.13204413817339605,0.12151661933989462,0.1055687091188405,0.08049936045746997,0.09442774904310115,0.0879763424456066,0.06933519173124048,0.011661323752207239
105,0.0,0.12662868103084327,0.16899080070284256,0.13206372804551303,0.12053536747230807,0.10661281076502382,0.07969272016255169,0.09340431175211013,0.08836304546968547,0.0716746173093927,0.01203391728973207
106,0.0,0.1272087970671564,0.1631491300874821,0.13238659258151247,0.1184025087853072,0.11057198447771945,0.07789799389114208,0.08907660528676385,0.08982274920214281,0.0780966337504705,0.01338700487030605
107,0.0,0.12736304672454943,0.16114076674226974,0.13306080457423944,0.11625161718032387,0.11141786382995587,0.07723238123920619,0.08791588604903153,0.08956194584872566,0.0822508691749963,0.013804818636705005
108,0.0,0.1277195104945188,0.15918331102685415,0.13351033382604002,0.1151556750961584,0.11224348877699733,0.07690393430956984,0.08677043685386956,0.08956071688727851,0.08477554165026373,0.014177051078452798
109,0.0,0.1286067717026465,0.15542759192642439,0.13404624820972422,0.11411325749013866,0.11384030321394459,0.07654667130561373,0.08459422824695398,0.08977743246782188,0.08817694200087786,0.014870553435857374
110,0.0,0.12915652941745437,0.15319562219630545,0.1346245329608469,0.11303614232036516,0.11451130822374687,0.07643009975831477,0.08344851636448897,0.08959330339883034,0.09077019927894717,0.015233746080703261
111,0.0,0.12977989161709597,0.15085551513906226,0.13525535950385187,0.11197033495863659,0.11511485110361083,0.076396791599675,0.08230250944929593,0.08934155595900155,0.09339002715925496,0.015593163510518409
112,0.0,0.130897537921824,0.14684519019913692,0.1374097967749632,0.10849488733546829,0.11528949670217788,0.0767412209763111,0.08067002596161099,0.08806129565982579,0.09952888723073618,0.01606166123794934
113,0.0,0.13528599700063468,0.13397269085916014,0.13891270959700713,0.10764526306420327,0.11782007378794337,0.07758053827004563,0.07513343520475294,0.08714547101619635,0.10845182187956924,0.018051999320490807
114,0.0,0.13815433123737492,0.12626433769163245,0.14038089760871195,0.1065350962558808,0.11805381291811418,0.07873443962520166,0.07249407596244407,0.08564463101241654,0.11466334959997297,0.0190750280882543
115,0.0,0.14097119641852526,0.11931597695856555,0.1409710347534276,0.10691507730938679,0.11803785337016169,0.07970782349895922,0.07039807602720866,0.08470010593848856,0.1186182794842725,0.0203645762410081
116,0.0,0.14417239013972005,0.11143450211445523,0.14214313024719138,0.10665304898127904,0.11713462657018062,0.08132532488547461,0.06845271794803147,0.0826713604969642,0.12461371688676,0.021399181729947668
117,0.0,0.14721244766553332,0.10448320739655267,0.14244129393593347,0.10778242292972075,0.11606617691807343,0.08256501014746834,0.06707095461767074,0.08142029743802959,0.12803912270955614,0.022919066241466106
118,0.0,0.1483693575017093,0.10163916527640833,0.14291239249015938,0.10765326878628642,0.11531782555648322,0.08334763188452027,0.06660546747963039,0.08029208427544753,0.13078036420017258,0.0230824425491872
119,0.0,0.15025692081911743,0.09618688028607553,0.14511828698044538,0.10499643798991645,0.11326677153395893,0.08583730485828868,0.06567571999724597,0.07622218139697566,0.14067336442210537,0.021766131715875433
120,0.0,0.15231722980248247,0.09056225789477107,0.14715864165685377,0.10245212197318765,0.11121916002532455,0.08846920944928933,0.06462082756862277,0.07249253015458589,0.14974500306305846,0.020963018411829
121,0.0,0.1541412494537719,0.08630583468280303,0.1469654692539781,0.10371922749020433,0.10955333685544345,0.08951668397152072,0.06436467685869277,0.07095335980213768,0.1531394467840449,0.021340714847408154
122,0.0,0.15517625817918498,0.08378528383057274,0.14705450517422092,0.10401051687425894,0.10848394134000389,0.09032446942903682,0.06418773322498034,0.06978569091954583,0.155810693351534,0.021380907676666592
123,0.0,0.15849663751217338,0.07603996856907635,0.14608662891971486,0.10719940023329295,0.1045590530047784,0.09219746027127995,0.06440645683982087,0.06678180768089945,0.16209011216019908,0.02214247480876996
124,0.0,0.15937282097421676,0.07385564920589215,0.14591082554949444,0.10773267346236674,0.10335086889268442,0.09288897900885736,0.06447516811019045,0.0656679554759444,0.16465125853593643,0.022093800784422187
125,0.0,0.1604116952453683,0.07103747939381383,0.14588050504389766,0.1076450319188878,0.10189605469505665,0.09405310325837936,0.06439756258065117,0.06387389553725276,0.1692487548184901,0.021555917508207817
126,0.0,0.16173371571766837,0.0678302442660927,0.1450271173842825,0.10957268526154998,0.09964945497076473,0.09475209072630478,0.06495443347335478,0.0625093364139587,0.17213842895190565,0.021832492834123442
127,0.0,0.16338396535853889,0.06307967504525612,0.14417189410443895,0.10975330175022027,0.09702571252266448,0.09660011814935358,0.06509217623032487,0.05952019553600921,0.18073216882493714,0.020640792478262154
128,0.0,0.16394632287739724,0.06150419545101967,0.14359165621133504,0.1104879980738784,0.09585318363488057,0.09701232568180693,0.06540678714251782,0.05871202674819534,0.18301668193383647,0.020468822245138157
129,0.0,0.16492996645875657,0.058614545003104375,0.1422761109393885,0.11200753980945262,0.09358557960075842,0.09767280383389527,0.0661240496431629,0.0572826194552575,0.1874338287752626,0.020072956480967134
130,0.0,0.1661942757499926,0.05492259315778742,0.13984250980347404,0.11681793868512838,0.0889625965427417,0.09762170683702909,0.06841420269271623,0.05605432529778416,0.19044447062327005,0.020725380610082365
131,0.0,0.16647908314697313,0.05383114588132366,0.13905712807884327,0.11759616724067702,0.08792146121284296,0.09771110124440915,0.06889050032443883,0.055603422214518826,0.1924529541594383,0.02045703649654107
132,0.0,0.16671886590923068,0.05281647645396798,0.1382448333589704,0.11836276380092643,0.08692252964642119,0.09774607106209873,0.06937637163850072,0.05523102769607463,0.19440383059299188,0.02017722984082351
133,0.0,0.1670767085273108,0.05125972594676812,0.13688615108657298,0.12038827421314352,0.08480426413320558,0.09751622071374166,0.07055598904027861,0.054886999337826654,0.19628799413211054,0.020337672869047797
134,0.0,0.1672039994413724,0.050429476057666255,0.13602913839020783,0.1211133077389577,0.08391822846594983,0.09740489821758969,0.07106001805144195,0.05471948145836364,0.19809050206298148,0.020030950115475593
135,0.0,0.16729112401651094,0.04966473119843215,0.1351586218842572,0.12181293426645277,0.08308384760891466,0.09724154270658218,0.0715604913818535,0.0546393258408374,0.19982974484586358,0.019717636250302106
136,0.0,0.16747834534196085,0.04758539404689096,0.1329521852805027,0.12593669413054856,0.07900777106043404,0.09607565825068547,0.07413416304923676,0.05499435931354555,0.20055165022966243,0.02128377929653904
137,0.0,0.16742165023632574,0.04704040827208232,0.13208231513492918,0.12653038519865586,0.07836666202417489,0.09570069601788661,0.07461412988115568,0.05522539680541844,0.20206867033554485,0.020949686093833082
138,0.0,0.16713864568658254,0.046001819487555565,0.1298242084971956,0.12708296687774123,0.07780190292703928,0.0947185856867089,0.07527448186208748,0.05618618854529176,0.20673106257552815,0.01924013785427644
139,0.0,0.16698126275823677,0.045609999528013964,0.128965828354035,0.12753084276337592,0.07736469927835063,0.09421298124261379,0.07566545947775034,0.056749724948177885,0.20799870681585156,0.01892049483360119
140,0.0,0.16679815317361935,0.045255687063872806,0.12811795790391647,0.12793515329428287,0.0769850606737568,0.09367154266057803,0.07602658092801665,0.057408247443150935,0.20919282623726015,0.018608790621553052
141,0.0,0.16659117412172997,0.0449356929058538,0.12728248148208662,0.1282953516379869,0.07666202211893634,0.09309696844417856,0.07635549134718395,0.05816141526694782,0.2103122714960349,0.018307131179068306
142,0.0,0.1658663805149961,0.04404799966679932,0.12576801500865334,0.1310656035101884,0.07384289369789393,0.09100348213518097,0.07831160222588023,0.060483350413873274,0.20911598777243934,0.02049468505410227
143,0.0,0.16537357832268948,0.04369039003348294,0.12484185990694764,0.1319605468275215,0.07299100825496309,0.0897504019035347,0.07900231391658771,0.06214210226957524,0.20897996078505748,0.021267837779647608
144,0.0,0.16452496166250477,0.043352044599701094,0.1221958569198804,0.13107696991687823,0.07447424396519073,0.0877559316793241,0.07851332554322273,0.06598595935764906,0.21366366702646175,0.018457039329194635
145,0.0,0.16390593202557047,0.04315308687653896,0.12140282451622847,0.13167216365248258,0.07393268456615969,0.08643080432433495,0.07888127828214095,0.06818257840489499,0.2131790860225998,0.019259561329056665
146,0.0,0.16296100101309838,0.04296046865606154,0.12062608163811361,0.13259023177243306,0.07302479957725311,0.08447115410553113,0.07940591314904691,0.07137526788458554,0.21120153188505297,0.021383550318831428
147,0.0,0.1617492468482765,0.04289416355674879,0.11871133019111382,0.13222993003058764,0.0738905715633664,0.08195843257260449,0.07882252211894104,0.07665192060289135,0.21176295315852414,0.021328929356953883
148,0.0,0.16132501592559162,0.04290456251374045,0.11808162730783213,0.13206071273823458,0.07422693415353197,0.08114578484303642,0.07853977603285571,0.07853142694986168,0.2118050695452547,0.021379089990068843
149,0.0,0.16079328557261685,0.042943303230569704,0.1168388291281097,0.13136472365122964,0.07528855900218014,0.08013709373000126,0.07777957807525392,0.08146218511639654,0.21301186598330216,0.020380576510348268
150,0.0,0.16025217299215577,0.04300230835602064,0.1156062646544687,0.1306439588952815,0.07633927439634758,0.07917855283366872,0.07697290656880114,0.08451661948203013,0.21388184803661708,0.019606093784617005
151,0.0,0.15979936000238126,0.04307265488691047,0.1149577786564431,0.13045480224703077,0.07668726765442373,0.07843922107870843,0.07657181901296786,0.08659178680241875,0.21358472961463734,0.019840580044086585
152,0.0,0.15861297360874652,0.043350474331633936,0.11416067572815135,0.13085224051949482,0.07653134435768565,0.07655751849720442,0.07610822800872921,0.09078388698573164,0.21050466431386594,0.022537993648765138
153,0.0,0.15727518301203774,0.043838678209773496,0.11264818620150253,0.13072506667892014,0.07718892906434249,0.07449567322055829,0.07503533362883252,0.0961676656767611,0.20792004279701626,0.024705241510264108
154,0.0,0.15550889776147106,0.04473445199101379,0.11082557456525007,0.1307645646967145,0.07795654290400343,0.07186113133253808,0.07366280135098047,0.10268515590730143,0.20320658693325916,0.028794292557477036
155,0.0,0.1542531470247338,0.045681603552545594,0.10824896810757356,0.13044784315444008,0.07914697825979897,0.07038999290463412,0.07222798090323909,0.10807208584920845,0.20232538529831484,0.02920601494552071
156,0.0,0.15210660891979821,0.0475326757144636,0.1047843273776313,0.13075587371691097,0.08033145673075323,0.06781910366743883,0.07051836728814506,0.1154116112639496,0.19750593016619944,0.03323404515471912
157,0.0,0.1503579212240787,0.04920323874571617,0.1024608173936962,0.13122434538058023,0.08136971453508939,0.06532488770587551,0.06934855340310493,0.12045504602064319,0.19090227501330084,0.0393532005779246
158,0.0,0.14971720757706264,0.049965207836963045,0.10110429640181968,0.13144331142806517,0.0817422899157439,0.06465873356622968,0.068957321901589,0.12235213818130855,0.18973350930546481,0.040325983885763236
159,0.0,0.14870373695428155,0.05116912464170918,0.09923556366359215,0.13176457001106778,0.08245258498739023,0.0633502390808063,0.06837422161403262,0.12513225843895856,0.18661881799542937,0.043198882612741976
160,0.0,0.1473568547291384,0.05287065242625098,0.0967584581192858,0.13210755155653658,0.08367196662845874,0.06135143395534854,0.06763595559030738,0.12864765044198206,0.18147468149693585,0.048124795055765675
161,0.0,0.14635475331197498,0.05428301385557417,0.09460799799591665,0.13246231724764887,0.08454825719851143,0.05996922741203111,0.06723052582573841,0.13107405580362466,0.1782583588693952,0.05121149247959466
162,0.0,0.14565312644862247,0.05535891008306052,0.09287428424979319,0.13290763936392616,0.08491943635137822,0.05924621552056605,0.0671193751180054,0.13256202818080123,0.17703429856886457,0.05232468611499227
163,0.0,0.1441018468393705,0.0578768686724816,0.0886745388492373,0.1343914630636603,0.08488754875662496,0.058441018282945664,0.06743921585284604,0.1352196000714233,0.1769849578717253,0.05198294173969542
164,0.0,0.14171115947180857,0.06177476428066089,0.08250673721389952,0.13649076076660102,0.0850810810441523,0.05688720488108065,0.0683799250582776,0.13878498257273997,0.174931619619971,0.05345176509081904
165,0.0,0.14004613571919078,0.06448461956229387,0.07828819695285838,0.13795683200383185,0.08493867790770314,0.056066281142295664,0.06955014530758476,0.1408285840982594,0.17365733870124989,0.05418318860474297
166,0.0,0.13743055289821832,0.06916418238415013,0.07100616312136998,0.14012209929253222,0.0873559226984374,0.05202182682005123,0.07108398647601748,0.1439448819924283,0.1665097352435759,0.06136064907322967
167,0.0,0.1361506536138486,0.07139649334787708,0.06766953230564263,0.14130334204720152,0.08750334178816427,0.05104230982622332,0.0725147921993653,0.14483350010400528,0.16517988492485608,0.06240614984282653
168,0.0,0.13485212735995755,0.07398079943758874,0.06341958890104528,0.14232122438482497,0.08935151387748318,0.04842327562208282,0.07392839277527374,0.14594321454129439,0.1613067262510873,0.06647313684937299
169,0.0,0.13337612069228255,0.07679433980740061,0.059057163674498675,0.14357285446180443,0.09038155136064284,0.046455384681892704,0.07608941613034137,0.14656324650888888,0.15890970950450833,0.06880021317775048
170,0.0,0.13197086092981822,0.0795235495887727,0.05477008850705664,0.1447001010787407,0.09154376814519626,0.04442319041271483,0.07852283778637142,0.14688113688691387,0.15665744700557285,0.07100701965885357
171,0.0,0.13080059468996538,0.08166294402572297,0.05158577779477075,0.14562353654000562,0.09201389694621755,0.04324159103688802,0.08074796505909392,0.14688207171575962,0.1555001788678334,0.07194144332375386
172,0.0,0.12880579812878187,0.08505978371826223,0.0467581322710784,0.1468667628757251,0.09242758946067892,0.04181952704736552,0.08494221356206724,0.14656566504541896,0.15370818559146154,0.07304634229917135
173,0.0,0.1276837927304382,0.08724853431040723,0.043034925877077454,0.1473744844481675,0.09406148660336344,0.03972349634526948,0.08801034371670545,0.14619976220601236,0.1517415557667939,0.07492161799577624
174,0.0,0.12717696096526115,0.0882436122433871,0.0412779163097344,0.1475229538389094,0.0949403914183676,0.038684462915927816,0.08960057297359836,0.1459334089665694,0.15084360848103767,0.07577611188721842
175,0.0,0.1254579813902931,0.09081544702388915,0.03746721895237798,0.14717364789678147,0.09630608213230799,0.03745117670166366,0.09492208347041746,0.1448075061315242,0.14794294868215727,0.07765590761859885
176,0.0,0.1250985486487654,0.09150004675297627,0.036063302632644484,0.1469888313533785,0.09736384686809237,0.03649238087203775,0.09657102346338751,0.1443889989267843,0.14716345004646225,0.07836957043548229
177,0.0,0.12449486282169878,0.09287135897792649,0.0326674711228307,0.14628139999386816,0.10051774066017112,0.03377192709876687,0.10066042921272622,0.14309833943910844,0.1458351887675288,0.07980128190538585
178,0.0,0.12404918144051552,0.09376274385984609,0.029118433398106658,0.14370523151447936,0.1054587384569746,0.03079717465357236,0.10707694710725903,0.14048683425723815,0.1442600057584242,0.08128470955359583
179,0.0,0.12398683930592129,0.0936637214745841,0.02854795001078382,0.1421939708207288,0.10715019774534745,0.030414766075200106,0.10931345307954579,0.13944280256815678,0.14350285766403795,0.0817834412557056
180,0.0,0.12405200722049409,0.09330216495751484,0.028278931215950844,0.14042824810251872,0.10891537957864365,0.030226529537165862,0.1113871836931867,0.13837814296482134,0.14279689030727974,0.0822345224224362
181,0.0,0.12420773745903757,0.09296607879896551,0.02804328043364799,0.13925454186113537,0.11024584808526927,0.029903115521327423,0.1127564253943255,0.13760628826857402,0.1427555921564142,0.08226109202131512
182,0.0,0.12497341181978748,0.09136231145094958,0.028014948115545397,0.13522083225454595,0.11425988917664819,0.02951998970778508,0.1164604044037499,0.13516092907293267,0.14307829120254767,0.08194899279552045
183,0.0,0.12531792171247094,0.09063344183209807,0.02824702787985571,0.13370358281226224,0.11556977788083654,0.029616393182292693,0.11755401090416628,0.13431741546977471,0.14332560485476353,0.08171482347149174
184,0.0,0.1269516237843321,0.08738041853329899,0.029676394933980565,0.12801714180419754,0.12006606537330361,0.03046481575611455,0.12091630016723258,0.13114093496687368,0.14544042290073916,0.07994588177993998
185,0.0,0.12804220391164425,0.08506378352524233,0.031195729547951287,0.1243152047069236,0.1223874773622151,0.03193413800726311,0.12221792318974639,0.1293396937127043,0.14661168169248845,0.078892164343834
186,0.0,0.12863217988962242,0.08380055128163959,0.03210023087294965,0.12238102106636572,0.12347672430073374,0.03288298365310272,0.12271987439509123,0.12843115082089154,0.14727711654354353,0.07829816717607288
187,0.0,0.12965819855196686,0.08173179217258354,0.033551210575438,0.1195190796410307,0.12496471628740156,0.03418893951737517,0.12356461483249982,0.12692067785716088,0.14909299229474535,0.07680777826981117
188,0.0,0.13031203909684444,0.08031703018873344,0.03466662401716728,0.11748681457885615,0.12590599907081187,0.03550380578123571,0.12381295836995052,0.12599719912126708,0.1498896747454102,0.07610785502973635
189,0.0,0.13098469531817475,0.07885515121771389,0.0358533895324112,0.1154239557750685,0.1267848866634947,0.03696845144100618,0.12395258422009438,0.12507165811963367,0.1507261042493704,0.07537912346304557
190,0.0,0.1316725912581812,0.07735305747312712,0.0371050826106967,0.11333662063963425,0.12759728665380965,0.03858394712115434,0.12398271169512964,0.1241444114067628,0.1515982229846773,0.07462606815684036
191,0.0,0.13450265067854691,0.07139379180204326,0.042265505966676706,0.10609444775308824,0.12939282486522713,0.04442708870149316,0.12422221875999674,0.12045515509020914,0.1569635599577689,0.07028275642496312
192,0.0,0.1373820921101885,0.06470045060431705,0.048389945571815064,0.09671653870590313,0.13143054827443254,0.05670695832461643,0.1202289248946963,0.11677504266782088,0.15942241081809416,0.06824708802812932
193,0.0,0.1380368968685043,0.0631718437004417,0.04991138319489613,0.09468476506932196,0.13151220646650807,0.05963171379169714,0.11931316297179075,0.11582934298072112,0.16040960827166817,0.06749907668446418
194,0.0,0.1389217732236688,0.061054934536103944,0.05198870924915283,0.09166464864664663,0.131732866607337,0.06455436223399957,0.11728858771606208,0.11464296361739028,0.16111040993507209,0.06704074423458035
195,0.0,0.13950995426327012,0.05963757717133362,0.0534734058849408,0.08972585888164843,0.13159954458015666,0.0677939660747009,0.11614621852859662,0.113682530453458,0.16205980926177294,0.0663711349001355
196,0.0,0.14006573444681542,0.05827513564434473,0.05493328422211775,0.08783513172745962,0.1313776458843041,0.07114866113037914,0.1149252489897964,0.11271396937750724,0.1629873044171819,0.06573788416010738
197,0.0,0.1410710269641356,0.05573762554663062,0.05774352212567253,0.084227150069212,0.13067442060367776,0.07816768669235513,0.11226659352997914,0.11075626346522664,0.1647633702967149,0.06459234070640936
198,0.0,0.14269596938169216,0.05133958232153898,0.06267470540127437,0.07695670571105438,0.1288467849673069,0.095989890121878,0.10369480614949589,0.1071712247729413,0.1658865116446683,0.06474381952816359
199,0.0,0.14312040897481182,0.04966155113150401,0.0654148962930687,0.07359788977681732,0.12636595421827268,0.10573667049080923,0.10019041304803729,0.10411385350672372,0.16817931176123885,0.06361905079873048
200,0.0,0.14320046555860966,0.04918212671494533,0.06629881296877024,0.07237398299799193,0.12539250834484428,0.10979706589493893,0.0985197457335056,0.1029985820140368,0.16867598448867197,0.06356072528369935
201,0.0,0.14322341960566204,0.04881287641864493,0.06710122801234562,0.0712295568575967,0.12436493421608884,0.11387422654230173,0.0968451465162579,0.10186327405020858,0.1691115541161263,0.06357378366478156
202,0.0,0.14309804568088982,0.048408158076028426,0.06844739593295777,0.06919140257145112,0.12216607153634935,0.12202808019877814,0.09351515693550312,0.09953832387410558,0.16979500677702475,0.0638123584169262
203,0.0,0.14271681802415018,0.048351750526950184,0.07001301901303023,0.06739801374014669,0.11924120532016023,0.1296953249244848,0.09147915167334343,0.09639786924461878,0.1714744335340835,0.06323241399904651
204,0.0,0.14230406662756576,0.04875688498067679,0.07022242726074393,0.06636957074759661,0.11770394711913419,0.1358672362421194,0.08852147061473031,0.09490144137922771,0.1709695246177349,0.06438343041048512
205,0.0,0.1415495849380496,0.04960886662839799,0.07058723619957177,0.0651867900700561,0.11523375468312956,0.1436262899348959,0.08554216285418814,0.09233897836573617,0.17085909098754865,0.06546724533844095
206,0.0,0.14008320222490087,0.051297982919550116,0.07176560223030848,0.063556459420451,0.11068148131057955,0.15391760093384732,0.08384158061310135,0.08694419161532846,0.17194807662976905,0.06596382210217852
207,0.0,0.13883542143753527,0.053204171679992265,0.07123724971062684,0.06304809164968979,0.10837844336068839,0.16074177866217662,0.08151914945102338,0.08421128851178225,0.1709890531889316,0.06783535234756838
208,0.0,0.13700497996423935,0.05624585596977464,0.06980973655742069,0.06284251104985498,0.10585143326098367,0.16872040352076229,0.07857466157017848,0.08100893669042483,0.16910213497223447,0.07083934644414154
209,0.0,0.13368995033683284,0.06206012067644444,0.06669241909101614,0.06309223054120927,0.10240966153589068,0.17954713739683786,0.07505530201731246,0.075784378728229,0.16533949498870415,0.07632930468753815
210,0.0,0.13281297670656855,0.06362442318100091,0.0659119773930907,0.06315718532471058,0.10167606658674684,0.18176000822657107,0.07471756379159854,0.07424841543868958,0.16444444645956752,0.07764693689147074
211,0.0,0.13148183864684193,0.06608058999888809,0.0644673623038604,0.06342118343441538,0.10075006033266463,0.18487051442022692,0.07394786992010155,0.07227937100541913,0.16277149233461077,0.07992971760298628
212,0.0,0.13058107186344386,0.06774190081969904,0.06359085744401383,0.06353379304585868,0.10021144800528067,0.18662128633973263,0.07391389911804261,0.07071074302749443,0.1618051272564082,0.08128987308004124
213,0.0,0.12755912142241402,0.0735638036615474,0.060053395964857564,0.064335075921191,0.0988807811520794,0.19153921729488005,0.07345909103092385,0.06625117596380575,0.15760099569190233,0.08675734189641372
214,0.0,0.12575161264503693,0.07709877890450745,0.05824445914931609,0.0643891568302963,0.098855255004021,0.19287132000613139,0.07546846193048817,0.06235391041837795,0.15600348153582083,0.08896356357601905
215,0.0,0.1245568168476178,0.07955175602312291,0.05675619229622112,0.06468537806874579,0.09887357885199353,0.19359708385722882,0.07626577759099046,0.06032964270643858,0.1543308150327721,0.09105295872488414
216,0.0,0.12286954478252393,0.08317900991137035,0.05454126229660315,0.06520296877300297,0.09910618040026549,0.1938772682188712,0.07777124253420886,0.05743928327700274,0.15149913391731895,0.09451410588884773
217,0.0,0.12077661158877356,0.0880101552767749,0.051737663773583936,0.06540191124382458,0.10078733689346864,0.19198940788649893,0.08225891408253273,0.052427474511359845,0.1485361888859423,0.0980743358572562
218,0.0,0.12026892720618276,0.08928524084025213,0.0509743354570857,0.0653853657734706,0.10153994387052998,0.19102866841574828,0.08384125785929576,0.0509556330230976,0.14784196643511235,0.09887866111924049
219,0.0,0.11873193855006961,0.093657527192256,0.04808502913210492,0.06492913813837195,0.10568862207998468,0.18625897201657723,0.09074158333442894,0.04521450986629132,0.14586422131138366,0.10082845837854723
220,0.0,0.11847284874026102,0.09482820789750787,0.04743169235962636,0.06478106760347153,0.10710501538726973,0.18379834653549748,0.09338208580003207,0.043532447701997906,0.1452139511509862,0.1014543368233655
221,0.0,0.11834897986901208,0.09557568443959628,0.04694307960045364,0.06460743757626362,0.10833834865196106,0.18195346334644488,0.09535604799689625,0.042292739315402325,0.14486661132753964,0.10171760787644595
222,0.0,0.11829624908933005,0.09621955776559901,0.04651375852198446,0.06440673558264987,0.10963037970590754,0.17999065728825622,0.09737367250968577,0.041098507366557235,0.14459842757474978,0.10187205459529589
223,0.0,0.11842419272505247,0.09680969098871942,0.04624523428513644,0.06409690650569361,0.11130319351809811,0.17688588753965556,0.10030582634934795,0.03961461500139065,0.14443614613608285,0.10187830695083877
224,0.0,0.11855404431835843,0.09717836339997561,0.04597915990541261,0.06383186016263935,0.11270866950103293,0.17466506764646414,0.10240837313313068,0.038538767251821975,0.14440000057306868,0.10173569410811156
225,0.0,0.1189115061314223,0.0979151741749101,0.04508141922540142,0.06317920262828175,0.11638953720708196,0.16992197519931315,0.10688935162258707,0.03619056231645282,0.1443025955099525,0.10121867598461314
226,0.0,0.11926338360329407,0.09796325643726027,0.044998766672538174,0.06284823515502211,0.11788919588107481,0.16750611848871755,0.10899921719238721,0.0352899445479008,0.14449537607985505,0.10074650594196616
227,0.0,0.11968868585883082,0.09790047020577572,0.044982506592298924,0.062498380562948895,0.1194024258797168,0.16504256508576673,0.11110179976165381,0.034447591113253545,0.14478062109506554,0.1001549538447055
228,0.0,0.12133312412935124,0.09728432055279398,0.0447748777560397,0.0613507733025799,0.12475215035193858,0.1574258297747291,0.11735567219295004,0.0320888585870069,0.1456535282053834,0.09798086514724359
229,0.0,0.1228057311366983,0.09630629561200796,0.04480486686771786,0.06059520441910646,0.1285094913583865,0.15229377057864313,0.12121508969452235,0.030938308847041022,0.14631928794570842,0.09621195354018465
230,0.0,0.12364418082939532,0.09563014294329257,0.04516606948944884,0.0601741286836809,0.12994267715835192,0.14983390840219904,0.12306903437134753,0.03049005427378979,0.14707134473462072,0.09497845911389009
231,0.0,0.12454440672393116,0.09485827031934206,0.04558768788061009,0.059750591731804845,0.13133503268035177,0.1474065783349614,0.12486287329725067,0.03010700805813962,0.1479100054478519,0.0936375455257733
232,0.0,0.12550370313892073,0.09399456253709229,0.04606768817120899,0.05932733940043025,0.13267934103907209,0.14502244918583543,0.12658972380193834,0.029789735432983935,0.14883247260408175,0.09219298468845306
233,0.0,0.12651913232810905,0.09304327413564195,0.04660384781763025,0.05890709655171234,0.13396860913167305,0.1426918992159563,0.12824296457201034,0.029538647867181217,0.14983546009786902,0.09064906828223346
234,0.0,0.12814650997000165,0.09145059292534256,0.04727014409064184,0.05837610112420167,0.13615313523060193,0.13926239989211087,0.13045398321574364,0.029385213254264006,0.15106502562495333,0.08843689467215554
235,0.0,0.1311455510134203,0.08827970797499825,0.04841034894895101,0.05776215601979469,0.13980925487902354,0.13389400870666113,0.1333278092132598,0.02983008397053509,0.15265246811025393,0.08488861116311949
236,0.0,0.1343006599457376,0.0850187079434674,0.0506420966742591,0.05669687506812588,0.14158083836297092,0.12953347618491448,0.13625445070813919,0.029917403634013608,0.15643676701842393,0.07961872445996533
237,0.0,0.13764329627518404,0.08158179685229708,0.053478618883793516,0.05547256914580037,0.14220677563554585,0.12590863030160657,0.13891693502668928,0.029945312228930272,0.161510737351532,0.07333532829863856
238,0.0,0.13901872614873292,0.08005073344844361,0.054422354160558455,0.055215307999643116,0.14263747671766927,0.12459084483699494,0.13954160029531787,0.030346373818797005,0.16304322573713456,0.07113335683672586
239,0.0,0.14040763684578797,0.07849466728673206,0.0553916105886779,0.05498362961145877,0.14296018433154228,0.12341062474335848,0.14004308884772462,0.030808569488073402,0.16459245623480678,0.0689075320218554
240,0.0,0.14464504942200798,0.0739158568411599,0.05875570336779931,0.05411682514362405,0.14283443160550893,0.12075568901919607,0.14119985431581675,0.032020026649577975,0.170151621961607,0.06160494167371984
241,0.0,0.14604061425037362,0.07232423462248792,0.0597843548647462,0.05399711955524924,0.14273193848313365,0.1201330324613453,0.14120167746783663,0.03271116728469174,0.17171011996053415,0.05936574104961955
242,0.0,0.14813664091521184,0.07004799182995178,0.06149441964826985,0.05370998005008029,0.1421886739781129,0.11946844287212607,0.1411529030699001,0.033590207838571556,0.17441067495829932,0.05580006483949431
243,0.0,0.1495008199562603,0.06848584701764178,0.0625402983448395,0.05365880598106016,0.14182032812953757,0.11921267281460096,0.14083620949979495,0.034411851428018815,0.17589945691109807,0.0536337099171661
244,0.0,0.15213294138525973,0.06518538207021013,0.0644423610895741,0.05398468140782428,0.1410160349725209,0.1191988905414918,0.13940138900224955,0.036805738429703375,0.1778559014740595,0.04997667962712491
245,0.0,0.1540552254302903,0.06282200988544742,0.06598951764289246,0.05422655062022955,0.1400059920227953,0.11958492390344083,0.1380684913618184,0.038630688365758926,0.17931163991338953,0.0473049608539557
246,0.0,0.1596639379827479,0.054738684964630364,0.07135408376022047,0.0570449855464269,0.13463100560371738,0.12284715440732874,0.13004165197129705,0.04823218818946331,0.17961289014864068,0.041833417425545555
247,0.0,0.1627659145722984,0.04995480719909805,0.07546119815240784,0.05964027767320647,0.12900147788262914,0.12664834039705228,0.1228200789025068,0.05594644847695728,0.17787446090018535,0.03988699584367675
248,0.0,0.16427209463683312,0.04856667921039028,0.07724478679439767,0.05932716451947216,0.12675048307682366,0.12917540212896464,0.1207030684220271,0.05704687827053541,0.17889761974908047,0.03801582319149385
249,0.0,0.16614657849112754,0.04709033863433399,0.07955273892120995,0.05860781905841197,0.12379922641418245,0.13288715572185197,0.11782284187125756,0.05813025377093314,0.1801884497646443,0.03577459735206577
250,0.0,0.16732848880354514,0.04610890769291373,0.08125668790056867,0.05829414342149944,0.12147501569546185,0.13571714954726402,0.1152727946805171,0.05938639534485681,0.18040793127790308,0.03475248563548884
251,0.0,0.16878217180216484,0.0442565815983246,0.08425731714158324,0.05886254598087672,0.1170126186834079,0.14022358248614267,0.10991541024998715,0.06342626491095184,0.17840694631743367,0.03485656082914633
252,0.0,0.16964793743369702,0.042445756928210905,0.08740494450739422,0.06027653365951093,0.11205023714664457,0.14438756469012293,0.10384303233731426,0.06898571145570523,0.17431329938515802,0.03664498245626101
253,0.0,0.17064811352129833,0.04201524449940754,0.08971312971554359,0.05914531089856198,0.10937496464558638,0.1486661274593144,0.10018696313336875,0.0701486330597309,0.17295865367526417,0.03714285939194326
254,0.0,0.1709632326895199,0.04138686629167522,0.0916164366026098,0.05940362432878916,0.10678406621343,0.151247701133014,0.0967819243901505,0.07286806801060654,0.17016098861439052,0.03878709172583374
255,0.0,0.17154586876948344,0.04141031940173884,0.09393237790867676,0.05805340583871464,0.10451674383786325,0.1553338315819982,0.09301131239989081,0.07406673935713053,0.16761865451441058,0.04051074639011257
256,0.0,0.17176236383954652,0.04150505340453213,0.0957010342619061,0.05718909316168903,0.10285546462966436,0.1581438885650336,0.09006672627788176,0.07534209092570594,0.1650242422970756,0.04241004263698449
257,0.0,0.17171554364723315,0.0429148488118783,0.09882099429174397,0.05452481225139278,0.10074881177387682,0.16364465519113935,0.08454810839253533,0.07659547087470644,0.15948223384159932,0.04700452092391401
258,0.0,0.17112184672627587,0.04416682329870607,0.10222966191688417,0.05235806917533358,0.09879978548347208,0.16799911117266864,0.07894350478998464,0.07915756909821009,0.15187158006914175,0.05335204826934278
259,0.0,0.17065538369482414,0.04494578147934666,0.10392439175428156,0.05117260872069493,0.09814617991607724,0.16983680313196628,0.07628981320825916,0.08040572693080625,0.14766364218676387,0.05695966897699978
260,0.0,0.17043542243019372,0.04415428146674891,0.10725882430712039,0.050311225505285495,0.09653058678685829,0.1713905934631971,0.07267551276830966,0.08401072703027802,0.14092508381149743,0.06230774243053109
261,0.0,0.17016355142354625,0.044314995097069806,0.10864555968145798,0.04956160851690996,0.09622188344020115,0.172125155221635,0.07108458948399897,0.08515781044149973,0.13769211542829893,0.06503273126540236
262,0.0,0.16940208094683282,0.042729764825497396,0.11598646080706554,0.04722661210521807,0.09506984819101429,0.1721337492788708,0.06514542538594127,0.09270074040997835,0.12162979457807682,0.07797552347152478
263,0.0,0.1691289717018449,0.0428220985245415,0.11740997022769424,0.04633392644843585,0.09541159524447904,0.17202479420998232,0.06411626955930999,0.09363118502751563,0.11824262241422148,0.08087856664199528
264,0.0,0.1687898991957117,0.04260538651771557,0.1196112257313468,0.04527155167324726,0.09597818858222705,0.17116562153325007,0.06285698709979905,0.09546845357267768,0.11303774444045386,0.08521494165359128
265,0.0,0.16747064250291016,0.04431716430397215,0.12335413141499164,0.04169188233390633,0.09839971936595854,0.17095266054864897,0.06036471496978274,0.0959431960397893,0.10337629646020222,0.09412959205985823
266,0.0,0.1664604127088429,0.04541865671599351,0.12563927383892465,0.03974877243227668,0.1001914603325616,0.16987694455064406,0.059218474490826185,0.09647350913420283,0.09697669158893177,0.09999580420681624
267,0.0,0.16593418756248843,0.045283545898604005,0.12824870422996876,0.03829976757377921,0.10205339683213645,0.1675473486058697,0.05861989473798302,0.09786345103872268,0.09063191440736487,0.10551778911310343
268,0.0,0.16437471941603338,0.04707824267222696,0.13044173702584655,0.03658042572670589,0.10460117928887877,0.16510307070884978,0.05813351233368923,0.0979966058793139,0.08338146350843294,0.11230904344004326
269,0.0,0.16444179852148594,0.04601278883412109,0.13246322100657318,0.035942438891583973,0.10628468004975226,0.16224372763300765,0.05835936547782332,0.09928440924822561,0.07912426445855998,0.11584330587888778
270,0.0,0.16445291985378896,0.04461117052349869,0.13530623088105553,0.03525048874013766,0.10929041647272084,0.15705690188641358,0.05924119960417746,0.10085846623592687,0.07273603621923265,0.12119616958306877
271,0.0,0.16036033891103724,0.04951731967317072,0.13669809223105772,0.03700733423287756,0.1138370442073996,0.14717514818468896,0.062344141904248446,0.09942132077860569,0.06178023908932541,0.13185902078760967
272,0.0,0.15987860559367617,0.04934179258997236,0.13714407166801862,0.03913699111737646,0.11560249619045584,0.1415789147661077,0.06459523556357862,0.09947100641218974,0.0588070930493009,0.13444379304934484
273,0.0,0.15997723031537497,0.048767004759139164,0.1373710308355571,0.0401807595687428,0.11633179950512887,0.13912346761719657,0.06562300252710676,0.0995878272486293,0.05785928119118059,0.1351785964319651
274,0.0,0.16010710099174774,0.048168290042222194,0.13749977140132114,0.04137589620193899,0.11699660387282439,0.13663506095899516,0.06671647236731218,0.09966209038693175,0.057088918318740904,0.1357497954579868
275,0.0,0.15878323065379943,0.049596332778557455,0.13543609259813927,0.04750143447526083,0.11729730918573132,0.12912322780782823,0.07082821896750355,0.09854565487157468,0.05636317270834781,0.13652532595327854
276,0.0,0.16014656351956197,0.04659881312614166,0.13500004859352743,0.052361974327442905,0.11823560756345114,0.12244989223074716,0.07424077509343789,0.09859917437501224,0.05652519685851966,0.13584195431217924
277,0.0,0.15882041797671112,0.0486854062986026,0.13147684045631164,0.05931148002514359,0.1163595922417742,0.11772510774420727,0.07766179413349406,0.09716159743919328,0.058609931215900836,0.1341878324686827
278,0.0,0.1610205352461349,0.04463752311830184,0.1308566317423146,0.06432205497686187,0.11689115077234666,0.1120913983217246,0.0807594274822426,0.0971608236320471,0.0599752979518825,0.13228515675616492
279,0.0,0.16038722383256235,0.04576694998127979,0.12739114913806915,0.07115932520076901,0.11449238350755725,0.10853306209647234,0.08369466772872589,0.09593007879361327,0.06282018430801076,0.12982497541296195
280,0.0,0.16081842578698738,0.04505330994595381,0.12610913969034768,0.0744772245957327,0.11376111899722394,0.10636509053304787,0.08524305765235429,0.0955292617521423,0.06421393750197227,0.12842943354425962
281,0.0,0.16126300395240215,0.04434969785802344,0.12472630626404844,0.07793337582678987,0.1129184637411307,0.10425460035423012,0.08680491215981209,0.09509342554062788,0.06573010272478595,0.12692611157817127
282,0.0,0.16120405495947934,0.044613446948944376,0.121863848727179,0.08369225985457378,0.11075511460462648,0.10170180543534074,0.08908067216093184,0.09417658071765744,0.06844324333805502,0.12446897325323394
283,0.0,0.1645738597850058,0.03925690350854254,0.11935802686221302,0.09232542112554423,0.10996642500942294,0.09537766083597222,0.0933489548991498,0.09336488341264525,0.07248954334540561,0.11993832121612076
284,0.0,0.16699670013094758,0.036467874471976615,0.10922263536330137,0.11377978953462344,0.10207029716456112,0.0870674361740241,0.10139201071300048,0.09005322413234704,0.08311730640772191,0.10983272590751811
285,0.0,0.1670116997710805,0.036878458192154795,0.1053649228592531,0.12090717867740357,0.09847272951218448,0.08558437305776485,0.10358368830351096,0.08884028819750307,0.08660434665561872,0.10675231477354799
286,0.0,0.1670046379569214,0.037348963566109644,0.1014079569908631,0.12809892988284952,0.09473914517574687,0.084290618468229,0.1057195588687987,0.08761620083012162,0.09010149832781554,0.10367248993256671
287,0.0,0.16872606410219615,0.03538199426236044,0.0959868990901371,0.1392201793467239,0.09033944698533115,0.08114059797420255,0.10949969653918831,0.08570520789373995,0.09560798589445964,0.09839192791168312
288,0.0,0.16858066122897172,0.03662201470130669,0.08772221447759426,0.15368901155547246,0.08223995855657026,0.079677533581947,0.1134255519093058,0.08315195918120119,0.10217567688655546,0.09271541792109755
289,0.0,0.16844931086319265,0.03732770166789295,0.08362509116324451,0.16069640934224724,0.07821324793319362,0.07920745548017993,0.1152597031348422,0.0818843021835413,0.10524577329874372,0.09009100493294431
290,0.0,0.16835571256302528,0.03872600938907916,0.07331276898407425,0.1782283515866444,0.06825283639824453,0.07830759386214334,0.11987425677346279,0.07855199724612986,0.11242291806351985,0.08396755513369883
291,0.0,0.16926860904568383,0.03777504344875914,0.07039185023558066,0.1838131461236396,0.06570273128209596,0.0776737826691912,0.1216103296709981,0.07718788086887472,0.1147427268821297,0.08183389977306951
292,0.0,0.16943952784199987,0.03780191144721425,0.06820792907914373,0.18757195966562587,0.06366673556731149,0.0775518855023719,0.1226588076606403,0.07631835457123538,0.11615021380547134,0.08063267485900835
293,0.0,0.16958006240299905,0.03786580024746715,0.06607993610904436,0.19119030483881566,0.06168672277912708,0.07748845800542682,0.12367026106662121,0.07544951456357299,0.11744706195282706,0.07954187803412113
294,0.0,0.17129690813447893,0.035987080328951246,0.06217070122067221,0.19878723913084448,0.05860619832616876,0.07664488894257898,0.12625238007361256,0.07312264108803206,0.1205397082716338,0.0765922544830496
295,0.0,0.1707820259160635,0.03729829954277588,0.05708739135950413,0.20666478028732083,0.05376722776998014,0.07721511430363778,0.12839970710489634,0.07106814289104764,0.12239644152761561,0.07532086929718099
296,0.0,0.17101839697585888,0.03770376070626896,0.051393378291228545,0.21571726453813292,0.04908663870580902,0.07771504789367208,0.13142334826699598,0.06777529316643699,0.12435411182924531,0.07381275962637412
297,0.0,0.17037639209041014,0.03911974706379348,0.04717844040258287,0.2214924284037933,0.04604926505557177,0.0787386351707691,0.13371357626321156,0.06484845441782536,0.12445475107769595,0.07402831005436915
298,0.0,0.16946772454541265,0.04057088931110557,0.04531962897450654,0.2233430628705573,0.045007809786882465,0.07963554553582157,0.13477839909676256,0.06323348184882935,0.12354920427367218,0.07509425375647273
299,0.0,0.16848562510295761,0.041886159477319135,0.04412705360631708,0.2242733388674545,0.044275642356684373,0.08022631305753182,0.13555115515742314,0.06231088595969296,0.1221067489818434,0.07675707743279905
300,0.0,0.16792160987535085,0.04265223240825505,0.043676647340657584,0.22432195887387088,0.04420720481074532,0.08063615914934369,0.13590988434388251,0.06172554832767268,0.12126404041136714,0.07768471445887744
301,0.0,0.1664996795985237,0.044580772573958004,0.04327267265774479,0.22315548847364677,0.04487592929315461,0.08170914455809575,0.13646353376147,0.060411009133061674,0.11915824485242402,0.0798735250979441
302,0.0,0.16492368351222805,0.046317458849858335,0.04302324698249416,0.22190582828484223,0.04565387705389784,0.08210972264262732,0.13742374169522514,0.05939538176121741,0.11595077316382402,0.08329628605380919
303,0.0,0.1627869028466382,0.049096045943840004,0.04426934517085449,0.2169156908588251,0.04849834229530807,0.08367299977552528,0.13732309443188584,0.05818978210258648,0.1128830582188318,0.08636473835572857
304,0.0,0.16111128658973672,0.05135306434141619,0.04563520196329062,0.2123530471490015,0.050952198404885254,0.08501882128982838,0.13675353646674604,0.0576393662895374,0.11102552173703956,0.08815795576854235
305,0.0,0.16023066475606756,0.052364652671784806,0.046353185807520444,0.21009999833907006,0.052299734295283326,0.08534696598087607,0.1367772356507896,0.057349225098044104,0.1095745888684834,0.08960374853210477
306,0.0,0.15705422018524087,0.05444901780731394,0.050647187999556836,0.19991379967578118,0.06004929208038024,0.08364770612892147,0.1390365427018921,0.05591349726599264,0.10087214807964338,0.09841658807530144
307,0.0,0.15511030376567098,0.05704070848590158,0.053053836759894765,0.19276405812113465,0.06388274451567169,0.08526360611004459,0.1379698183165262,0.055596480511902684,0.09910241079126536,0.10021603262201179
308,0.0,0.15271181912994441,0.058834439933378065,0.058009412897685075,0.18157694134077626,0.07158768775071819,0.08459864752698275,0.13837373270009648,0.054989640415019636,0.09441289350330276,0.10490478480212075
309,0.0,0.15157706978239135,0.05960294680075263,0.06080471030915711,0.17541480894052414,0.07583017876095004,0.08421102234473309,0.1384870876356078,0.054731045865950526,0.09234563380100098,0.10699549575895692
310,0.0,0.15072549509288624,0.06044810699558678,0.06255102977732782,0.17115156515008456,0.07848848914964468,0.08441405243590659,0.1382140690425215,0.05463091750131989,0.09137654418129865,0.10799973067344786
311,0.0,0.14913968493718519,0.060309030972792506,0.069651126891663,0.15752955359263585,0.08870474102283243,0.08196264758515857,0.1391623182348406,0.05410804758124135,0.08748397318899569,0.11194887599267919
312,0.0,0.147146875097152,0.06313144260171309,0.07255764530661558,0.14857185564480369,0.09336932105827739,0.08397212964936977,0.13739423077610916,0.054222760547585375,0.08725141285958393,0.11238232645881462
313,0.0,0.14631735782782246,0.06346059823793414,0.07591651233625225,0.14158652661142568,0.09813927409301909,0.08344513152199697,0.13726436792274432,0.05416013241094696,0.08644494177088165,0.11326515726700116
314,0.0,0.14561798709444396,0.06413750564432164,0.07783234161030272,0.1369955745779,0.10094506421225824,0.08367714890966102,0.1367928431548802,0.05420630470429071,0.08630875301765989,0.11348647707430629
315,0.0,0.14428839811102692,0.0654261202513885,0.08163643692865091,0.12793056886281895,0.10642573246711928,0.0841627331195407,0.1357838774595641,0.054375727139159176,0.08639927627914193,0.1135711293816143
316,0.0,0.14301375406278088,0.06719420186018614,0.08385691995728849,0.12140306606929956,0.1097830142858863,0.08551884513479918,0.13438537158282235,0.05468864019385209,0.08710345827478906,0.11305272857832097
317,0.0,0.14161638826592726,0.06752522262065565,0.09220031564786968,0.10425205921008317,0.12074546390573031,0.08485057693023823,0.13311091639022454,0.055211973320032644,0.08899884906462845,0.11148823464463505
318,0.0,0.1411806295542428,0.06797290058060114,0.09385150863309444,0.10024784639376562,0.1229891713048999,0.08525979868121807,0.13241533482734347,0.05545611970121304,0.0899491049985722,0.11067758532507431
319,0.0,0.1409886942120942,0.06715340648159451,0.0998419113847504,0.08863818315181954,0.13031571211601664,0.08466756222699497,0.13135166451457267,0.056036229479734107,0.09324464065885135,0.10776199577359674
320,0.0,0.14073061326930564,0.06744754309170216,0.10123333892455443,0.08516394704882209,0.13212256334189562,0.08520697967810081,0.13054093464426625,0.05636751675345902,0.09470807540758149,0.1064784878403377
321,0.0,0.1396385417077623,0.0692606026303056,0.10483663444782623,0.07460749371018074,0.136610021294943,0.08832797469787172,0.12696552490196508,0.05788932522893952,0.1006740814169893,0.10118979996324202
322,0.0,0.13900629132740094,0.07054200858909518,0.1056478346007747,0.07085697198639614,0.1376011698532992,0.09042276549468568,0.1249869342754131,0.0587294808067778,0.10356170260384988,0.0986448404623331
323,0.0,0.1389710475616814,0.07065244637054766,0.1065718464675354,0.06847135412220055,0.13849711132478726,0.09116604606640477,0.1240456669890506,0.05921159242277918,0.10554823679239358,0.09686465188264531
324,0.0,0.13877041901703943,0.07183007908787638,0.10903610109462483,0.060390493826717864,0.1397570146044583,0.09597509478808736,0.11902266761153882,0.061810955964217096,0.11519033391143342,0.0882168400940321
325,0.0,0.13707959071976525,0.07599977442395488,0.10737502186981926,0.0576954982037359,0.13644596002214474,0.10327461486722422,0.11352670389966485,0.06431858556555067,0.12156736182043283,0.08271688860773287
326,0.0,0.14014026062256787,0.07182701367095526,0.1099605371295503,0.055628622057863356,0.13617077629039842,0.1036273892998336,0.11145967319181212,0.06614219668284554,0.13016771428427365,0.07487581676992523
327,0.0,0.13941542657711645,0.07431813129494431,0.10771570033514015,0.056197308776816855,0.13143126166821922,0.10963259302290218,0.10702510978759822,0.06840955374113539,0.1351163060754422,0.07073860872071061
328,0.0,0.14238285980228663,0.07087565052522088,0.10806105702772416,0.057637923718386705,0.1284242545365142,0.11104369745251179,0.10454213799428176,0.07029890004338721,0.14242236896633031,0.0643111499333819
329,0.0,0.14300456838894818,0.0703971459010297,0.10758636133669666,0.05852660523841614,0.12676797320398603,0.11223681727696622,0.10332966674629106,0.0710691234888134,0.14458701101616783,0.06249472740271049
330,0.0,0.14300829809514606,0.07147295137079565,0.10538892376004233,0.06088182074862112,0.12186861003623141,0.11660270551238625,0.10003341386384872,0.07292187233940722,0.1478351127180488,0.05998629155549837
331,0.0,0.14574018727070953,0.06831829584872609,0.10507040609974415,0.06349787174550507,0.11911005797954156,0.11709421571743008,0.0983961482551512,0.0741865216629032,0.15268013531148322,0.05590616010883197
332,0.0,0.1464716798066319,0.06774496698387335,0.1042820221626249,0.06507713403698699,0.11700701613049293,0.11829113305686677,0.09713049802528093,0.07498782507881696,0.1545398982325071,0.05446782648594447
333,0.0,0.14721764251725958,0.06716041074024404,0.10343941791257104,0.06677207061096882,0.11483759359824744,0.11947894769827343,0.09585658205574732,0.07579144940989406,0.1563235887621986,0.05312229669462197
334,0.0,0.14901305645291535,0.06533579287646911,0.10247322736332876,0.06949103455482082,0.11203636971726756,0.12037564276024591,0.09426264204178147,0.07685976426404623,0.15944948299672418,0.05070298697242708
335,0.0,0.1497802921753642,0.06474574136580105,0.10147513544008523,0.07145894139807388,0.10973879557558466,0.12153356905834042,0.09294854319081007,0.07767376668120403,0.16105126222652963,0.04959395288823334
336,0.0,0.1513275878227711,0.06357693615908659,0.09935681170789519,0.07563289689242092,0.10503054393944865,0.12379675487501074,0.09031031395783999,0.07928325797126207,0.16398360004956802,0.047701296624723395
337,0.0,0.15388554821986794,0.06134566707998141,0.09673675925076583,0.08125530842962565,0.09954370993750195,0.12572351440869856,0.08722963927201745,0.08113676970523144,0.16784194769719074,0.04530113599914576
338,0.0,0.15439298859076028,0.061301897961584986,0.0946893144088688,0.08474502019794554,0.09548009618599902,0.12792960748310525,0.08498644845470237,0.08243581415088293,0.16871448622429946,0.04532432634187824
339,0.0,0.15366162506493777,0.06346981491743836,0.08936190154428274,0.09353018180086939,0.08356127423971914,0.13507182940599322,0.07906298410984113,0.08596470434760382,0.16675772084792126,0.049557963721420004
340,0.0,0.15537720006231473,0.06198859369676354,0.08776675454932516,0.09701992476861566,0.08069658148236168,0.1355831032715105,0.07735982175800155,0.08676864638991724,0.1682741637416281,0.04916521027958883
341,0.0,0.15584622538433818,0.061851535435898795,0.08614938479296642,0.10019044598541768,0.07721311135003318,0.13697127992821084,0.07554837827307892,0.0877622818874377,0.16780596531427155,0.05066139164837376
342,0.0,0.15649954544770533,0.06187564396067928,0.08297114819493082,0.10674959016371559,0.06975511650104094,0.13967809531258185,0.07177187259622088,0.08980969589678324,0.16511154677022738,0.05577774515614157
343,0.0,0.15692179175301146,0.06169427211108236,0.08180200468465527,0.1092826642983683,0.06711690235755083,0.14032347596214825,0.07031694196803744,0.09052460547167056,0.1638689632402387,0.05814837815326379
344,0.0,0.1601961609745474,0.059690712275993256,0.0776352275808676,0.11636382091345876,0.06235139371598882,0.1403293995517959,0.06589345177546062,0.09151800456944559,0.16471387893794978,0.061307949704519235
345,0.0,0.16134478665251417,0.05915216613722952,0.07586459736976205,0.11883966831696513,0.06112372380652054,0.14000419460202213,0.06413040549152747,0.09177550500453652,0.16516894604431268,0.0625960065746369
346,0.0,0.16269873816724514,0.058824658303998544,0.07311051634861404,0.12232967876764408,0.05959549260158126,0.13925641380207432,0.061305714840958044,0.09210436394044784,0.16508768368200524,0.0656867395454589
347,0.0,0.16301029772646325,0.05886894371006066,0.0721851877964678,0.12343731053651215,0.059173601971047256,0.1388521416064406,0.0602577577129633,0.09222314519485057,0.16458754543641074,0.06740406830881099
348,0.0,0.16308523849320128,0.05911381452020425,0.07136469662383824,0.12451851042685667,0.058712035688485646,0.1381249911881979,0.05895820470261744,0.09242520756532561,0.16270225976129052,0.07099504103000999
349,0.0,0.16314154703796965,0.05938105634186147,0.07068674449834694,0.12527102054877323,0.05864412582808821,0.13715275753877174,0.05775036466903249,0.09252378995438251,0.16078178191727946,0.0746668116655218
350,0.0,0.16427467173333482,0.06011341762935323,0.0669668953008459,0.127753971548837,0.0594702205739793,0.13547250846479347,0.0545385658136278,0.09194502423494284,0.16280896991841617,0.07665575478189716
351,0.0,0.16452608201286345,0.06083740061977413,0.06515035415636784,0.12863377777468457,0.06036945148280787,0.1341888752652166,0.05284230692430162,0.0915879768449343,0.1631841394549085,0.07867963546416894
352,0.0,0.1643754784700168,0.062488964830034674,0.06288698193975811,0.12877951828057213,0.06304595779275396,0.13106360956927987,0.0500626293749311,0.09076628801986052,0.16190807351046627,0.08462249821235472
353,0.0,0.16407156143877336,0.06327822132118238,0.06286358351059544,0.1273560622129908,0.06572995672309132,0.12821880484860376,0.04884221389831972,0.09022927328919554,0.15906947948245692,0.09034084327481909
354,0.0,0.1638696831661984,0.06460729884452907,0.06126573928095915,0.127063399958315,0.06788998445339962,0.12646071257417654,0.047318088173187924,0.08938975791847496,0.15980604828649003,0.09232928734429768
355,0.0,0.16346191127434662,0.06617891833643316,0.060572706056777545,0.12474235059508189,0.0724836808045576,0.12256985779570195,0.04561874797479672,0.08810727603227328,0.15843580876075056,0.09782874236930922
356,0.0,0.16332852598726816,0.06696208317127789,0.06102677858239681,0.12171969694422162,0.07708198957034205,0.11869504403066784,0.04473355563460802,0.08708250272651531,0.15638405580766507,0.10298576754506596
357,0.0,0.16313126951235962,0.06778379685485056,0.06060593233650063,0.12054180597089119,0.0793183396627829,0.1170587694301124,0.04403562236148818,0.08635165176625491,0.15654498708339856,0.10462782502138991
358,0.0,0.1625749491378149,0.06956375651075619,0.059315135651383515,0.1191152125821655,0.08255680386047694,0.1149655242311701,0.042739107964538545,0.08501092994501122,0.1579823691125042,0.10617621100420771
359,0.0,0.16100125591204872,0.07351504080947466,0.056361501448496505,0.11697883432183527,0.08796688367955338,0.11181398899346498,0.04045130068599696,0.08240202189111123,0.16208236012722527,0.10742681213082202
360,0.0,0.1606768081301136,0.07452514285073643,0.055992771361390845,0.11535555975377886,0.09066453294960922,0.11000466690428828,0.039848528531812255,0.08147909981481563,0.16264037457668587,0.10881251512679795
361,0.0,0.16035060965342285,0.07554518627555201,0.05564710452925966,0.11364747615922535,0.09343941258087363,0.10817070520749851,0.0392706671020574,0.08051980903651226,0.1632865101048869,0.11012251935074037
362,0.0,0.1619624520841614,0.07566801770221707,0.05828226407789256,0.10284243375094804,0.10777605675658629,0.0976593785683149,0.03846076441537436,0.0775117174787565,0.1610168832761988,0.11882003188957896
363,0.0,0.1626507812917646,0.0761182606234879,0.05910744545722735,0.09762810662553043,0.11487415696375815,0.09267524225251526,0.038078688223998874,0.07578899082075234,0.1614686402356677,0.12160968750532644
364,0.0,0.1652233985668776,0.07552368392768033,0.06142259557927691,0.08748672434329574,0.12824394001976233,0.08281341050908043,0.03816579750055094,0.07324677415730599,0.16183028008885011,0.12604339530734882
365,0.0,0.16641689685500363,0.07564423140294362,0.0622863387208827,0.08218766262802617,0.13524740413195763,0.07781933302154731,0.038141076298970934,0.07158388977484921,0.16333859679303203,0.12733457037281615
366,0.0,0.16637977041610455,0.07640689085312449,0.06226541420830344,0.08006184674251707,0.13810179829754565,0.0761097038586913,0.03783876329491054,0.07039911628243553,0.16508425333350932,0.12735244271288745
367,0.0,0.1656190444256497,0.07826897065291563,0.06185460383460341,0.07736523351578484,0.141717777759357,0.07432984686099506,0.03714444676781934,0.06823948073094684,0.16869858514731234,0.12676201030464526
368,0.0,0.16485259415996617,0.08011176076628128,0.06147986353400698,0.07466568536689264,0.1452468509497439,0.07259005001606533,0.03653982374621928,0.06606100364784658,0.17245874269828723,0.1259936251147201
369,0.0,0.16252364621351403,0.08410014566283956,0.06055782807740688,0.07081785912001302,0.15002655992400735,0.07068154278276294,0.035572730203196797,0.061944996556669234,0.18016275908068854,0.12361193237893128
370,0.0,0.1652053552089514,0.08350110347056712,0.06114042239425337,0.06433694942031383,0.15831720270068395,0.06503966406028538,0.035521808800793926,0.059999373998705766,0.1829612725134214,0.12397684743205369
371,0.0,0.16531529953314106,0.08410655357141113,0.06111939040323278,0.062381662248924594,0.160658175238236,0.06367515284849092,0.03539881199880602,0.058805061393150525,0.18517405688911878,0.1233658358755182
372,0.0,0.16387036352631362,0.08665823202433119,0.060862748308135775,0.05939338202148539,0.16376246358695323,0.062339410833079346,0.035131729165556125,0.05567519571910195,0.19139092620299303,0.12091554861208051
373,0.0,0.16425975780518376,0.08765933292567409,0.06082597686994289,0.05573597490113112,0.1678513589444468,0.05995204778953579,0.035074588148398395,0.05335310788833875,0.19598085418401046,0.1193070005433681
374,0.0,0.16574681912933176,0.08809406555190424,0.06077078944636029,0.05114814966904672,0.17297297151209898,0.05675307670330234,0.03508154655709845,0.05094256703694381,0.20090711061623498,0.11758290377770877
375,0.0,0.16602908278117,0.08849281150248756,0.06072897290704348,0.049572196025609555,0.174549338797092,0.05581938216978502,0.03512758041652968,0.049861007684561906,0.20321430472175814,0.11660532299399295
376,0.0,0.16664687711724546,0.08920319783677656,0.060669425840630495,0.04662936849311179,0.17729940222959503,0.05414470699063957,0.03529804722272521,0.04777226852892409,0.20779111158202554,0.11454559415835676
377,0.0,0.17105129567457614,0.08791528905370287,0.05981004180529021,0.041944459970075204,0.1826548079415695,0.050312366250672085,0.0352123152186013,0.04656342925285654,0.2109245664359091,0.11361142839677739
378,0.0,0.17007799877243537,0.08950423506280969,0.06025437303101931,0.04023016736974446,0.1827508877850783,0.05025817403563915,0.0358335742181307,0.04389088042452843,0.2169925471194147,0.11020716218123033
379,0.0,0.17047083893019835,0.08973796741751186,0.06019022837836979,0.039281122663862675,0.1832018727848708,0.04989295576568823,0.03603526854379152,0.04303842928404362,0.21907139098676062,0.10907992524493311
380,0.0,0.17184817374746325,0.08962150726643026,0.05977937643074358,0.03788322529086486,0.18412584210801278,0.04910856835503457,0.03617279484254968,0.04225565974827539,0.22117116242396123,0.10803368978669495
381,0.0,0.17408141090486579,0.0892652824085121,0.05896175854505898,0.03640115970935469,0.1849736825753046,0.04817258666774567,0.03626408052395488,0.04165838952841079,0.22307063578001868,0.10715101335680444
382,0.0,0.17443726686751207,0.08949094239436717,0.0589118479224879,0.03587932722416131,0.18467036789467256,0.04815645119714235,0.03653618210594645,0.040962537266110495,0.22487266909274775,0.10608240803488277
383,0.0,0.17480093398353666,0.08970353812278097,0.058856970661723386,0.0354340536297531,0.18422942627715852,0.048206835778747,0.03682699123675752,0.04030178888269635,0.2266120219380807,0.10502743948879671
384,0.0,0.17554227851870466,0.09009245838119909,0.05876277011723591,0.03477833109418556,0.18290912744187635,0.04849520820574536,0.037472159889221715,0.039090182760943934,0.22988952445457375,0.10296795913634463
385,0.0,0.1752267677363804,0.09084811575552122,0.05950386417984148,0.03431339906081626,0.1803756679771776,0.04942245204323669,0.03877707465976468,0.03716112424582169,0.23495174967095112,0.09941978467052004
386,0.0,0.17543668314072053,0.09115587572678611,0.059783557313691615,0.034111863835414674,0.1784378753935313,0.05011087204020454,0.0397005698579727,0.0360630374355713,0.23807218025663454,0.09712748499950394
387,0.0,0.17792612668130983,0.09105590656370743,0.058046060031035594,0.03446256133447858,0.17616477669721223,0.05092451505667819,0.03971596000561037,0.0363258497449764,0.23799741414795456,0.09738082973706808
388,0.0,0.17886201529879947,0.09122547677631875,0.05742328419402636,0.03495290090857823,0.17393991282067192,0.051766155446254264,0.040038779770030945,0.0362723898253432,0.23846100644587168,0.09705807851413671
389,0.0,0.17911640999890277,0.09147131781551662,0.05778693288442635,0.03524450441945868,0.17100016621958433,0.05283779196801913,0.041072429761582416,0.035462891034064144,0.24099619515578158,0.09501136074269541
390,0.0,0.18037228277736228,0.09182872942537612,0.05792079479359542,0.03658156354681383,0.16363976230969984,0.05556355652470129,0.04315681470020565,0.03449923844730273,0.24477289116355433,0.0916643663114204
391,0.0,0.18168862853995446,0.09172430438243737,0.0583557175120874,0.03784106533523874,0.1565930672957405,0.05810984831293939,0.04548505399362422,0.03369571498405541,0.24865037247076385,0.08785622717319058
392,0.0,0.18220532520733723,0.09177246011507889,0.05812696606671812,0.03847858640146898,0.15424846269647274,0.059077468794368926,0.045995263036774134,0.03374206876478059,0.24902495076302825,0.08732844815400423
393,0.0,0.1830928382197124,0.09156567215750563,0.05819743571666506,0.03924540622108549,0.15055817361508825,0.06043161687614251,0.04718195606450081,0.03357496354557883,0.25062422236190707,0.08552771522184625
394,0.0,0.18715646994299873,0.09007290779352083,0.05818430074741625,0.041918100692352446,0.13803731675156722,0.06478551880295706,0.05137417336905818,0.0336638027716862,0.25557637991722126,0.07923102921125408
395,0.0,0.18929942783498044,0.08948820174045592,0.05742595926938038,0.04363252945952732,0.13186684767902251,0.06722753561576912,0.05293027463876147,0.03438480837730297,0.2562956321769724,0.07744878320785996
396,0.0,0.1891128890143737,0.09153563979237193,0.055183852630790536,0.04767079158888612,0.12298926681476598,0.07207340233441376,0.05267659816521877,0.03648291779797371,0.2507221497437323,0.08155249211750555
397,0.0,0.19339399633096918,0.08940235474629414,0.05484144923677222,0.048801213027130995,0.11614156162077349,0.0739781214351837,0.05529171649845082,0.037275998241529204,0.25405208792405654,0.07682150093887184
398,0.0,0.19315765159664874,0.09066533605701825,0.0537241133908472,0.0514451818075237,0.10993202182401848,0.07721917198640388,0.055319557832796296,0.03872673429978476,0.25061045732998666,0.07919977387500451
399,0.0,0.19425581052628219,0.0907987434693863,0.053006951112757356,0.05325168507056151,0.10446854774955436,0.07955924121302678,0.05595509607331803,0.03990586488932366,0.2493570821343513,0.07944097776147115
400,0.0,0.19646915546005939,0.09034057771208746,0.05216034368323076,0.05495870178846564,0.09836391793584696,0.08191088169899459,0.05688448034836159,0.04133819062493458,0.24882213023513597,0.07875162051291586
401,0.0,0.19700859388271072,0.09041202250141826,0.051794543792533815,0.055804470792948535,0.09576113851982153,0.08304136680397478,0.05710744948604005,0.041996528137219984,0.24809233024840777,0.07898155583495736
402,0.0,0.1968485401546545,0.09119686187700278,0.051331538024284265,0.057560401489082556,0.09116870989733766,0.08527878902216951,0.0571893141435486,0.043103835316192204,0.2457958942346247,0.08052611584113609
403,0.0,0.19857004252244154,0.09066454734653195,0.050804271332189586,0.058224842422966085,0.08809433220296546,0.08633870057366483,0.057628717392816026,0.044005796048194136,0.24582344655571692,0.07984530360254657
404,0.0,0.19907278537315878,0.09075032486311815,0.0504939073395284,0.05898660163050186,0.0856174121410586,0.08740897259570157,0.057756288799281984,0.04469332400152888,0.24504399550053782,0.08017638775561703
405,0.0,0.2033769602065953,0.08895533232996103,0.04930935252379977,0.05905473236995379,0.08239483811178608,0.08805218862600697,0.0583457233943884,0.04621638422408813,0.24635312368758966,0.07794136452586413
406,0.0,0.20310435542298455,0.08974793624170761,0.04896658496192746,0.060589451183277784,0.07814262038034613,0.09019456873948234,0.05822913493098756,0.04738163036596731,0.24405462533555738,0.07958909243779523
407,0.0,0.20277238232698802,0.0905363869390914,0.04875867587713103,0.06207106524373455,0.07389522401710284,0.0922976210818829,0.05810090124067633,0.048519461781752864,0.2417740020882618,0.08127427940341163
408,0.0,0.20154258572613293,0.09198615879075582,0.04887227483583859,0.06434181153241227,0.06758069931343809,0.09546544956757351,0.05788686773857118,0.05001503688249046,0.2380715653845476,0.08423755022827319
409,0.0,0.20578474656630413,0.09034670963257113,0.047766723682215115,0.06362508796784555,0.06586546586786027,0.09548334475927543,0.05761378166682651,0.05154729460390032,0.2393517137110899,0.0826151315421454
410,0.0,0.20198136239424072,0.0934347230906265,0.049203432499058695,0.06783931387664018,0.05383442359227078,0.10160703417008225,0.05714890053159925,0.05397896806052149,0.23196010468515293,0.08901173709984081
411,0.0,0.2023819187660954,0.0934527135528198,0.04930930001633361,0.06806773458411365,0.05210345086483702,0.1022821297029668,0.05693292440902283,0.05455419300372847,0.23140668272869758,0.08950895237141863
412,0.0,0.20277939465411507,0.09346021367577967,0.0494428409519172,0.0682481324746095,0.05044920788300215,0.10292089252953202,0.056691134348030636,0.055116342080874285,0.23088138256790772,0.09001045883426559
413,0.0,0.20317357698266872,0.0934571487327219,0.04960444336419447,0.0683799453015072,0.04887276907360284,0.10352268346632511,0.056423946600712524,0.05566463600868252,0.2303850562098883,0.09051579425973028
414,0.0,0.20725168481369233,0.09210428537583869,0.04929532322569412,0.06660678177704951,0.04764429648377832,0.1032557586703632,0.05480313970561435,0.05745579350601348,0.2313913570887823,0.09019157935320747
415,0.0,0.2048712682486345,0.09351416628602756,0.051611093564087,0.06860381957781701,0.039444487118702805,0.10716321968702293,0.05432467085250842,0.05888942694718045,0.2271133901428104,0.09446445757524255
416,0.0,0.2052461880628885,0.09341738026636039,0.05200783856221681,0.06836564042212584,0.0384590931066214,0.10746591313617794,0.05389524699243346,0.05929845194417561,0.22688092834686285,0.09496331916017087
417,0.0,0.20504332593704408,0.09353387256300139,0.053033527960740734,0.0684745178010253,0.03599290881106627,0.10845020774374946,0.05344881505946069,0.05985317769435299,0.22590478395314384,0.09626486247644894
418,0.0,0.20441702054225697,0.0936858166162261,0.054787873712862395,0.06875555458505335,0.03233764217075683,0.10990567505590651,0.05300793917888658,0.06045528020258623,0.22445751837066388,0.09818967956483517
419,0.0,0.20715503859238008,0.0927044361762162,0.05525314491149255,0.0659771890787499,0.03414435281085065,0.10838536615515844,0.050918949579585766,0.06124002993924324,0.2261677705111653,0.09805372224519208
420,0.0,0.20742911502025757,0.09242333102407858,0.057120175592089324,0.06499842725099779,0.03213683174202532,0.1089015591669754,0.049814494181183736,0.06181586700438576,0.22573469649509742,0.09962550252294348
421,0.0,0.20951759090770403,0.09199679664335011,0.058200417759826595,0.06087389289963103,0.035916987996063195,0.10621821675476073,0.04687868619250009,0.06269260280306359,0.2272173965929366,0.10048741145019822
422,0.0,0.21012584950585048,0.09210332709569455,0.05921358919346237,0.058287572734699165,0.03808641615651258,0.10460668812212091,0.04508571983670672,0.0632741038541001,0.22755120113078056,0.10166553237010711
423,0.0,0.21026471622411425,0.09230973881678807,0.060107442165511046,0.05653643046687202,0.03929242573765596,0.10363318612870619,0.04388768192756851,0.06367519475766151,0.2275284947659498,0.10276468900920722
424,0.0,0.21025797883177708,0.09240409331404527,0.06079026596155639,0.05566819481096166,0.03941571864630497,0.10338536238007288,0.04328004494005775,0.06387534640215417,0.2273909460826259,0.10353204863047853
425,0.0,0.20976868332045048,0.09328960037138921,0.06287243555809478,0.052042215652790436,0.04215283345101594,0.10115313355733037,0.04095322524083168,0.06461394933589566,0.22694895462858972,0.10620496888364649
426,0.0,0.2076036637011358,0.09557382084883614,0.06637098359845899,0.04658723844999818,0.04654225507059995,0.097387019703348,0.03776912397349366,0.06572942221717898,0.2253841741140825,0.1110522983229027
427,0.0,0.2065871929052163,0.09659451378705404,0.06751479421396221,0.0447771365313623,0.04805134123062694,0.09604982133728722,0.03682643633468331,0.06613638123562565,0.22460874864811245,0.11285363377610456
428,0.0,0.20540865827408375,0.09773510083511495,0.0686705838146856,0.043005466304042554,0.04954280216300772,0.09467452539518094,0.035957387434440095,0.06656099709300471,0.22371386181224984,0.1147306168742249
429,0.0,0.20394423339753318,0.09924200900599689,0.07075105201520608,0.040216104615674625,0.05074974549823273,0.09310533355283786,0.03474970481206001,0.06698115637342725,0.22258096807277486,0.11767969265629198
430,0.0,0.19787775129456606,0.10425433003852946,0.07409623220914831,0.03608437690251331,0.05577240033715611,0.08791573233057258,0.03315632466138033,0.06886545340417699,0.21822878780039132,0.12374861102160103
431,0.0,0.1978777877266923,0.10499150635245177,0.07519884847037968,0.03400017713161967,0.05555762031446077,0.08734691786284406,0.03270082764654673,0.06878727326557853,0.2181238161122462,0.12541522511721595
432,0.0,0.19592582771494274,0.10666327613741597,0.07629231426037586,0.03281851624902694,0.05661357812803298,0.08577456444952664,0.03246370183683189,0.06937880546467359,0.21674107547376498,0.12732834028544407
433,0.0,0.19756747114338064,0.1061778059263002,0.07659639891746091,0.031213459690816577,0.05631675878518183,0.08559342500515048,0.032258955875956494,0.06867729204371323,0.21842673642977128,0.12717169618230417
434,0.0,0.1969397264902427,0.10680887933371142,0.07710245199886101,0.030575865239237988,0.05674007881735613,0.08481470287484716,0.03219475636162637,0.06880286404241241,0.21818830575200843,0.1278323690897323
435,0.0,0.19630790830116293,0.10744156910492329,0.07758873328617918,0.029976484821793648,0.05715476687984567,0.08401822480170172,0.032158851672297914,0.06893033900992841,0.21797217634884408,0.12845094577335905
436,0.0,0.19122754824276186,0.11130058162741656,0.07968087930062397,0.028966663153495702,0.058648922395321185,0.08063593255204847,0.03240013236677232,0.07061778914218043,0.21443884611231173,0.13208270510710382
437,0.0,0.18764069277235576,0.11408782843294245,0.08099552971553096,0.02852136752050908,0.05935866466432466,0.07816440516047637,0.032847803306751674,0.07201767322886249,0.21190065114948708,0.13446538404879577
438,0.0,0.18707414696244287,0.11472601780075221,0.08122761562860462,0.028233317505436204,0.05952492467401389,0.07737747612940582,0.0330313192673735,0.07227586686519237,0.21167918415138512,0.13485013101542978
439,0.0,0.18202769532023919,0.11902712805214039,0.08272298222598115,0.02828115784972445,0.0597250370574174,0.07258474255392058,0.034699057031353106,0.07487198140424081,0.20883850893470765,0.1372217095703116
440,0.0,0.1825904168207642,0.11906270850730254,0.08243732753636444,0.028032840313031902,0.059903007230990665,0.07167842945893854,0.035030945375728526,0.07478548282215332,0.2100016287562877,0.1364772131784746
441,0.0,0.17831164491429427,0.12212335008262774,0.08314370269866993,0.029717743361633773,0.0589207560507822,0.0687198957009779,0.03668074288840746,0.07772321673874416,0.20662821687411984,0.13803073068977925
442,0.0,0.17577460558397973,0.1239624819184064,0.08325156472327977,0.031347187719751986,0.05784301876059187,0.06659106050431637,0.038081186337190265,0.08007595635821345,0.20457716027771408,0.13849577781659284
443,0.0,0.17366444289218366,0.12544702589309148,0.08306380478442058,0.03335300729593076,0.05644478501582526,0.06457081808058872,0.03959438502336929,0.08264850646228196,0.20273424062697762,0.13847898392536773
444,0.0,0.17376299480964544,0.12552452582453408,0.08265381457500562,0.033954744746088415,0.05608487524495581,0.06382006118120945,0.04011545395865676,0.08325194915470488,0.2030439148869694,0.13778766561826733
445,0.0,0.1730705229701328,0.1260211806639077,0.08216436567027714,0.0355269845660771,0.05501284380796595,0.06250398970428045,0.04118340249928682,0.0849731028035679,0.20247658059587734,0.13706702671866405
446,0.0,0.1733310640922077,0.12593373771130228,0.08165895495662316,0.03628107223807152,0.0545829635887021,0.061769747163210806,0.041723906711587544,0.08563613728524293,0.20293005780977214,0.1361523584433172
447,0.0,0.1746459443674122,0.12525791751964213,0.0807423394574293,0.036905438590397945,0.05447961033397215,0.06081994619614664,0.04226370039711437,0.08582978821552219,0.20486454718576907,0.13419076773663155
448,0.0,0.17777677881525789,0.12344300182509987,0.0792452773941666,0.03723459492059245,0.055293490939124966,0.05927569943928245,0.042799069495372655,0.08495054323197018,0.2099533635038594,0.1300281804353111
449,0.0,0.17794584845096334,0.12265320480910376,0.07719926828971461,0.04272741930348905,0.052072542195395755,0.0562157010806097,0.04543548333643218,0.08941965090966389,0.2108380666370179,0.12549281498764736
450,0.0,0.18004006919643561,0.12105545806699203,0.07615614453079399,0.04362403096212732,0.052631151736030474,0.05480711086403434,0.04594461332933226,0.08902714585100915,0.21488215908562713,0.1218321163776555
451,0.0,0.18170952493773296,0.1193630958228054,0.07490446027896706,0.0459513279694471,0.05223648000700281,0.05303904271856706,0.046923174129074485,0.0898712404726562,0.2183900192279859,0.11761163443579913
452,0.0,0.1822389558470591,0.1187038026817928,0.07434824759576923,0.04723407544228997,0.051742875032462,0.05236342200713532,0.04739008444298358,0.09060094649498984,0.21939624643078665,0.11598134402476963
453,0.0,0.18297878175521048,0.11739222052065448,0.07275097736108668,0.0514329891846656,0.04898978104725155,0.05125785549989249,0.04867859359780799,0.09407732948360625,0.21949443895679158,0.11294703259307132
454,0.0,0.18397792001597452,0.11608513422084377,0.07153264394271855,0.05429352399021362,0.04730640007238817,0.050480903814068126,0.049451371526144774,0.09626381644048065,0.22023373266779858,0.11037455330940758
455,0.0,0.18961592896165308,0.10937998557325315,0.06683055358302006,0.06460567004962899,0.04222918180498679,0.04788439536139095,0.051418261936900585,0.10317072075330523,0.22589916719080194,0.09896613478509725
456,0.0,0.19098760548894442,0.10772141000190338,0.0661512219521182,0.06615057880176885,0.042265062108403834,0.04705627811151604,0.05160587642633867,0.10338939175874629,0.2285264893158848,0.09614608603441369
457,0.0,0.19232352650070048,0.10580086384465683,0.06570089974942421,0.06769214357933104,0.04294483253552115,0.04584104767689247,0.05181223891220255,0.10290899202639057,0.23228049502579137,0.0926949601491276
458,0.0,0.1960475761486563,0.10155767658967052,0.06278144249710726,0.07374027723132065,0.039002116755312066,0.0458299163700662,0.05206384957925042,0.10804066505545401,0.23353279385109074,0.08740368592211016
459,0.0,0.2004681387384488,0.09671407459130141,0.05977284750247194,0.07958090441474325,0.035321116263199476,0.04606831015066754,0.05186004699626113,0.11307878163422745,0.23525477642521148,0.08188100328350587
460,0.0,0.20169040415132714,0.09497023528625931,0.05924312326724853,0.08118360034152282,0.03538560364988415,0.04550822089255654,0.05175886966162313,0.1132017914053904,0.2376151817983324,0.07944296954589405
461,0.0,0.20407710581585503,0.09224080142955912,0.05783934736708145,0.08402397646998976,0.03395118303716313,0.04560029642127243,0.05141812526213928,0.11529906978513618,0.2391408617606305,0.07640923265121168
462,0.0,0.20802070341614576,0.08650684336599176,0.05590812782249197,0.08971961398249689,0.03287775978771126,0.04503409094039931,0.05053946686627801,0.11717216882003112,0.24463279905653199,0.06958842594196034
463,0.0,0.20851551114483513,0.08522853422425862,0.05569910203467868,0.09116053375840244,0.033021697327855634,0.04470792229919059,0.050350528116302584,0.1170071591877543,0.24626638143893612,0.06804263046782438
464,0.0,0.20933785176202818,0.08397291429777627,0.055265198643695806,0.09247171095596805,0.03267124264700906,0.044748300185226936,0.050055152974204604,0.11752499070320384,0.24721703253836322,0.06673560529256252
465,0.0,0.20882012002023478,0.08318517203482485,0.055528329400588806,0.09388565780197332,0.03335096106137336,0.04417848084338062,0.050047335081906966,0.11644662588817425,0.24881108736015564,0.06574623050742621
466,0.0,0.21069505028251212,0.08075603368243037,0.05453014812895604,0.09626492936083622,0.03222896770578775,0.04471658695136032,0.04924017458011661,0.11805992514350876,0.250043504686847,0.06346467947768374
467,0.0,0.21456351955989425,0.07514557422498422,0.052606871442085645,0.10164679574764025,0.030154455531559543,0.04612113604556601,0.04695459995336801,0.12114990495261221,0.2531828909427714,0.05847425159955731
468,0.0,0.21517992318199863,0.07346890885042698,0.05222624624458546,0.10364238038700005,0.02983845528593719,0.046541280505852045,0.04608999983045543,0.12147515552472679,0.25434074030949516,0.05719690987956119
469,0.0,0.21435659818683325,0.07332116015409014,0.0524171706290086,0.10466047528741039,0.030112747120411065,0.04652254492053505,0.04591214050217577,0.12069799789652776,0.25462322254674336,0.057375942756303644
470,0.0,0.21195474430047467,0.0736642864526302,0.05303855968375458,0.1064679125777158,0.030714645898316753,0.04655640583410745,0.04575767467484408,0.11888712815497146,0.2543497648272253,0.05860887759599881
471,0.0,0.21044817441030106,0.07412695810583803,0.05341848896265378,0.10726835235219065,0.031033681164333776,0.04660129817510815,0.045772991582111615,0.11786134117669982,0.253812072780975,0.05965664128982738
472,0.0,0.20968009461870202,0.07362209583523642,0.053539874654709274,0.1087302795904105,0.030935766150411877,0.047176408975509426,0.04509478722787917,0.11758159730690435,0.25374569469260794,0.05989340094766824
473,0.0,0.20715137197839362,0.07441223428699609,0.05418032167815959,0.11000050666711983,0.0312998854017064,0.04754158819468791,0.0449325684265072,0.11614197246368435,0.2524676338405077,0.06187191706227694
474,0.0,0.20725515208495068,0.07336097346874781,0.05415811982166385,0.11119825789851731,0.03102415640059608,0.048325517962596695,0.04385388280741577,0.11656348109432782,0.25296211491016113,0.061298343551062555
475,0.0,0.20472824574760146,0.07378545435704618,0.054908897397901286,0.11265852418429562,0.03134521659509814,0.04913995922080076,0.04304937330740936,0.11543208260618827,0.2518149609766852,0.06313728560701387
476,0.0,0.20378239137978432,0.07403674383938585,0.05519125634702935,0.11306938145094965,0.03150106305383936,0.049397784886899325,0.042799924515094595,0.11498912192571474,0.25133537445189763,0.06389695814944542
477,0.0,0.20211872884107351,0.07384969525238988,0.05589604575596676,0.1141722245367096,0.031832520927050405,0.05029234989794497,0.04157746049978096,0.114537731774789,0.25100113477507996,0.06472210773925538
478,0.0,0.20161751087507374,0.0727414542634629,0.056476173519405905,0.11504249126261937,0.03217927530382693,0.0512594922229693,0.039835789423107996,0.11486961056830124,0.2519434125447477,0.06403479001652554
479,0.0,0.19916902151279087,0.07321166257440623,0.05756636438625876,0.1155501346466687,0.03308171539515519,0.05190513106135568,0.0387450821605142,0.11397584781123413,0.25128304094232945,0.06551199950932762
480,0.0,0.19776528528332854,0.07387463743447235,0.05805416552417626,0.11562286187280964,0.03351734882665101,0.05203240728921458,0.03859091232745952,0.11330999171797507,0.25048848815445257,0.06674390156950148
481,0.0,0.1963109333372093,0.0745776957643442,0.0585694491027526,0.11565963363680655,0.03398106682444207,0.05214060315144147,0.03845863342936544,0.11263586874710692,0.24962891266541218,0.06803720334116034
482,0.0,0.18101042727079952,0.08725554612745225,0.06190623489820235,0.11345792814482665,0.037177001655752835,0.050560304165527876,0.04445009545269545,0.1031968559131132,0.2309342301566438,0.09005137621502696
483,0.0,0.17363257218753553,0.09220147543565874,0.06451192589242934,0.11200877719533164,0.03940961019905851,0.050000353796968475,0.04689136156296856,0.099469757260315,0.22081626086007047,0.10105790560970453
484,0.0,0.16722565555261662,0.09261418366638156,0.06918013456397577,0.11188588346805507,0.04252452004623318,0.049645116863448274,0.04633837469251947,0.0993364774566711,0.21444979304313286,0.10679986064700706
485,0.0,0.161585461345644,0.09668491218878499,0.07175607667400923,0.1091839059250101,0.04498030580788021,0.04888723935824439,0.04918325625159512,0.0961353710814083,0.20230792286511767,0.11929554850234686
486,0.0,0.15768630128961328,0.09601270379859028,0.07556008525012914,0.10852588906123932,0.04782219486988589,0.048056224843122226,0.049184890066462136,0.09693551120298155,0.19585044310975575,0.12436575650826152
487,0.0,0.1565825098198183,0.09593437904253622,0.07664625036539119,0.10812602141242128,0.04871508369124016,0.04778613688610916,0.0493213509853753,0.09707737970377936,0.19349779316171722,0.12631309493165294
488,0.0,0.15552638369217275,0.09579390978277288,0.0777467636662263,0.10770833207948338,0.049634185453832726,0.047500956783742096,0.04945491862909212,0.09727590428607105,0.19109673621568937,0.12826190941095844
489,0.0,0.15356545105344058,0.0953083187555188,0.07998475694539327,0.1068417150682932,0.051544956822791095,0.0468812278837313,0.04972760054541596,0.09785074563343675,0.18614273563815048,0.1321524916538699
490,0.0,0.15266513004164606,0.09497346641295615,0.08111870557101632,0.10637541520531114,0.05253913084601363,0.046556955153813744,0.049849017526027696,0.09822548168132215,0.18360576372213652,0.13409093383979787
491,0.0,0.14994611939760924,0.0937469740766833,0.08512786526236006,0.10405133003005015,0.05618537439133068,0.04543231859321183,0.05068396264750694,0.09936192013390667,0.17303532637492042,0.14242880909246236
492,0.0,0.14933156115467625,0.09307802177721994,0.08629211229207331,0.10352543731931237,0.057275594748334754,0.04507353473490999,0.050775723237131164,0.10000868392544006,0.17033889964721433,0.1443004311637296
493,0.0,0.14810853050376277,0.09157212325593493,0.08923441217915541,0.10143917551117172,0.0601006967270145,0.04431464241609097,0.05131417264443743,0.10121334822133214,0.1622228262095809,0.15048007233156102
494,0.0,0.14728802031814683,0.08878442299052014,0.09133149261623391,0.10193514678715825,0.062386076465607745,0.04317123358909881,0.05094013531942355,0.10426640491399017,0.15909045913044978,0.15080660786941288
495,0.0,0.14698416320315236,0.08780501895994447,0.09244526225602619,0.10136239532468845,0.06358118587947889,0.04279106851752547,0.05101016550541,0.10521501778070123,0.156278943670446,0.1525267789026691
496,0.0,0.14673885546005885,0.08677035530903514,0.09354515958133693,0.1007826119110365,0.06479274239099252,0.04241120794621513,0.05107734813593145,0.1062129437571631,0.15345985732453543,0.15420891818373716
497,0.0,0.14661262956252571,0.08402555698156902,0.09713684380228957,0.0972125557651135,0.06859520420606637,0.04177009594802533,0.05162538026689922,0.10815307745578964,0.14273463630587804,0.162134019705886
498,0.0,0.1467878976729784,0.08243252104074505,0.09891440324437027,0.09533126838701933,0.0705710134702665,0.04150629776021168,0.05184376559576072,0.10923107225039975,0.13753780056468598,0.16584396001360474
499,0.0,0.14690516599972428,0.08106605486368691,0.09992430016390567,0.09471511370716876,0.07185736696145646,0.04115714584533689,0.051893984312982894,0.11042992787442982,0.134808553428894,0.1672423868424569
500,0.0,0.14791416748840824,0.07630209294735531,0.10341883550072964,0.091578423691123,0.07650571124494485,0.040287278699700724,0.05223741346403561,0.11408188471475372,0.12459284246014551,0.1730813497888463
501,0.0,0.14966108363189742,0.07293927275278797,0.1070790234410798,0.08530079087081212,0.08101305175173128,0.04081211174944014,0.05269812662296097,0.11504571660531539,0.11421149069567776,0.18123933187833988
502,0.0,0.15016418229774214,0.07135517936718018,0.10780917061447501,0.08467511817801536,0.082354709208422,0.040549402263922854,0.052792292457629064,0.11627684497376967,0.11194375046991031,0.18207935016897603
503,0.0,0.15110605624817625,0.06930019235891359,0.10911771135166118,0.08260269520950908,0.08452224300827002,0.04056823385675532,0.05299417552964956,0.11736741062991757,0.10812459462775802,0.18429668717943212
504,0.0,0.15168410370796906,0.06773803986377432,0.1097040070538691,0.08198909745976757,0.0858682003008829,0.04033850936800368,0.053132203056414966,0.11854836736644478,0.10608238642160876,0.18491508540130774
505,0.0,0.15228073410591894,0.06620223686847379,0.11022460728261156,0.08138341700776257,0.08721400868807798,0.040120789641145065,0.05329419823611055,0.11970504557071505,0.10413392859183013,0.18544103400739734
506,0.0,0.15377108194732264,0.06221941094498599,0.11076813233804407,0.08116773996972551,0.09036798209576238,0.03920365986465742,0.05385287199727878,0.12317449733279728,0.1001952032344942,0.1852794202749749
507,0.0,0.15465192543159262,0.05988176234492277,0.11064416589890518,0.08160825924400239,0.09215245774391366,0.03851718422974083,0.054316367885023926,0.12545024042530029,0.09837031722410393,0.18440731957253775
508,0.0,0.15843070743439194,0.056077548931275804,0.11455374679889321,0.06730666894224717,0.10128997444293518,0.04211092954868962,0.056072079258169594,0.12318322831962081,0.09011280518506011,0.19086231113875962
509,0.0,0.1596876069173121,0.053593131871722155,0.11302495027986043,0.06879828611973907,0.10342910277795847,0.040975423221633715,0.05719986126118416,0.12569665538645056,0.08911536365805009,0.18847961850613254
510,0.0,0.161140932445398,0.05151798168719611,0.1111578262793781,0.06896611583715087,0.10628822639969361,0.04039393963205494,0.05883119616807521,0.12730805038319168,0.08868708499478341,0.18570864617312158
511,0.0,0.1616246325670888,0.05100040598726398,0.1104671534017932,0.06853079574203239,0.10750847905905368,0.04038745307248603,0.05955021486010026,0.1275399789060563,0.08872596520194387,0.18466492120222508
512,0.0,0.16293228498162815,0.05006031487743374,0.10782640279840351,0.06733602151320438,0.11103964074879943,0.04045207861717191,0.061976189346867466,0.1276904640563705,0.08974028617979991,0.18094631688036503
513,0.0,0.16361291816234438,0.04958887357453657,0.1056663415722101,0.06815696713649427,0.11242729947964185,0.040024148622788615,0.06338767416393663,0.12824030656345614,0.0908653698740577,0.17803010085057763
514,0.0,0.16448219877541886,0.049558245284477755,0.10202540526312556,0.0687121944905962,0.11478825195489685,0.03973870166690378,0.06592404641490741,0.1282711150543942,0.09340388726341893,0.17309595383190457
515,0.0,0.1647978828228752,0.050311269631784325,0.09927636129992144,0.06807167625399729,0.11685487466089443,0.03997647806668743,0.06813963293998322,0.12740137465591791,0.09585946668534392,0.1693109829826391
516,0.0,0.16558128993495438,0.05135501147657076,0.09341571537171135,0.07012836884271388,0.11886280720671885,0.03954369320415441,0.07166876071330179,0.12689921637257756,0.10108293495805416,0.16146220191928723
517,0.0,0.1647683136323188,0.05396723598414462,0.0912872382251673,0.06664620329784232,0.12156729206652124,0.040865474724384114,0.07442913030480755,0.12403803855926526,0.10397203659392791,0.1584590366116655
518,0.0,0.16464808604592635,0.05498071683853085,0.0895098952681885,0.06639440824581883,0.12241445000078274,0.04110014412733717,0.07578759177962076,0.12315753670326407,0.10589367906502534,0.15611349192555007
519,0.0,0.1638328226709565,0.05836245932247623,0.08537502996767174,0.06438773278734251,0.12483513276739727,0.04224430302222373,0.07942640643344702,0.1200057431134861,0.11073250052539879,0.15079786938964498
520,0.0,0.16359140456810475,0.05966866016491329,0.08341898985126182,0.0641761916049423,0.12555939251953055,0.04254984678991583,0.08087873832968508,0.11892710143727915,0.11289775750285634,0.14833191723155587
521,0.0,0.16358974765219603,0.06125691449271907,0.07991557067430857,0.06528866150599141,0.12608633717084522,0.04259717832275087,0.08288160633592927,0.11787180046348568,0.11660703242867447,0.1439051509531444
522,0.0,0.16208144431977833,0.06526135765519897,0.07679154418026385,0.06212714364873979,0.12825459565773964,0.044263595800448495,0.08634215683702283,0.11424577737474914,0.1204264929552847,0.1402058915708194
523,0.0,0.16172617265686998,0.06684660839250303,0.07468688354647149,0.061963878271176,0.12879425414680756,0.04467280944811146,0.08785548092972226,0.11301055720790601,0.12273427181888197,0.13770908358159556
524,0.0,0.1605966645051466,0.07184299197257606,0.06828439196704716,0.06152432400058966,0.13012842180384496,0.046060460064312615,0.0923377148629597,0.10917845578411073,0.12969190789209672,0.1303546671473615
525,0.0,0.16043913895577255,0.07386807304189975,0.06473596791404126,0.06265761871699756,0.13013680606930841,0.04639970752005397,0.09420428223935245,0.10789589071779727,0.13354118331776718,0.12612133150705543
526,0.0,0.16027052050420426,0.07588157397327604,0.06128453777860464,0.06379032124200763,0.12999933591263674,0.04683697527746399,0.09598784020678922,0.10665178934302126,0.13735862600071463,0.12193847976132749
527,0.0,0.16035882262956053,0.07810406386712161,0.05670027213419986,0.06617287345538897,0.1292013117244043,0.047344656979145874,0.09789837823503598,0.10546444806172565,0.14274479283043703,0.11601038008302628
528,0.0,0.1585699811993953,0.08262671802107845,0.05329982661285235,0.06332567831812694,0.1304285389429557,0.04942580818059598,0.1016426445055717,0.10218297620177734,0.14535903989531146,0.1131387881223811
529,0.0,0.15603717571113776,0.08997019196347987,0.0471203641340862,0.05938161570062009,0.1315446236588152,0.053344818476177856,0.10773594803509284,0.09699178503315749,0.14939723143169487,0.10847624585578393
530,0.0,0.15577565596079698,0.09146680153163425,0.04526422421540628,0.05934930473816761,0.13129818513128308,0.05417421974432538,0.10892346419103976,0.09611916269137384,0.15078961359077206,0.10683936820524705
531,0.0,0.15455369130831476,0.09539058479854676,0.04186748028705682,0.05705341024928338,0.13146078090004165,0.05687224281789821,0.1123681917141537,0.09344560901078172,0.15201487320253995,0.10497313571142947
532,0.0,0.15324379209390193,0.10006905585708768,0.03775835399161944,0.05392991672861136,0.1312931281619545,0.06085194399049741,0.11669445580322627,0.09019478954689966,0.15260141705319746,0.1033631467730508
533,0.0,0.15448342091478856,0.10107579869527968,0.033812802617065534,0.0572484128425851,0.12868665419386255,0.06172955752671159,0.11674263257914615,0.09088589252498935,0.15559910254072654,0.09973572556489164
534,0.0,0.15574205269841163,0.10213298109785313,0.030139950002854604,0.059528877368546285,0.12545067619341738,0.06403065787958055,0.1172075533068009,0.09165169268433047,0.15712884858602463,0.09698671018222721
535,0.0,0.1558880005854541,0.10335331300256022,0.028421788956588666,0.05871357426938953,0.12435752940525814,0.06615228124781661,0.11877709257021529,0.0913234471528373,0.155953103465074,0.09705986934485315
536,0.0,0.15894230818234964,0.10103704107933999,0.026672174818070247,0.0638713970017014,0.1183882258857769,0.06832743081941203,0.11597027696332998,0.09529189148965896,0.1571609033278099,0.09433835043259786
537,0.0,0.1594812904908634,0.10088895729305793,0.02615121216742629,0.06400851440688779,0.11710676969709151,0.06951709997800216,0.11625465835282145,0.09593297232787487,0.15602420723395688,0.09463431805206467
538,0.0,0.16008512866908758,0.10061733847316821,0.025717341590187827,0.06416385535576635,0.11576350022264703,0.07071493794904232,0.11648917619763446,0.0966623457441993,0.15473345339880418,0.09505292239950976
539,0.0,0.16075357309538427,0.10022250642607156,0.025369974309475796,0.0643380495568777,0.11435967524631714,0.07191823485513234,0.11667611225332054,0.09747734726320849,0.15329394767180715,0.09559057932245216
540,0.0,0.16412860412079522,0.09624971138578464,0.02603367304194048,0.06748407627497337,0.10788148119572512,0.07529512886169822,0.11425973390395586,0.10244709254031302,0.14970651979434468,0.0965139788805164
541,0.0,0.16604235006151025,0.09530653431407933,0.025101468052674346,0.06583619307167723,0.10469983961673195,0.07909074674455269,0.11702167887381774,0.10396798515933445,0.14187245087321512,0.101060753232454
542,0.0,0.1689522220279676,0.09165132661569679,0.026182949413087173,0.06738889797271957,0.0999041298010821,0.08161847836047263,0.11593416496541785,0.1078536803751013,0.13679065767409834,0.10372349279440403
543,0.0,0.17196993131067437,0.08834078449732259,0.026866440431446936,0.06764707261955541,0.09539774289349497,0.08463396993114464,0.11654700910151727,0.11091471340901474,0.12978235546770717,0.10789998033816957
544,0.0,0.17460611123498557,0.08575519155033993,0.027215706215168174,0.0671763376563914,0.09182799076206802,0.08739710006942542,0.11794716076443451,0.1127204717450464,0.1233904131162003,0.11196351688598814
545,0.0,0.17745750879575004,0.08134926683670658,0.0292739044261128,0.06947022881817855,0.08739463069563144,0.08845125603475114,0.11605638466886507,0.116994650241604,0.11937240539911097,0.11417976408333744
546,0.0,0.17888819015201737,0.07944245313707687,0.03001696908996905,0.06998576051567158,0.08531818728593776,0.08929388592318949,0.11596668874777533,0.11852766229931617,0.11675493679533051,0.11580526605376379
547,0.0,0.18033624307069332,0.07749255048316227,0.03079946133678824,0.07052091402334092,0.08322501809611758,0.09008414279935009,0.115896157245717,0.12005276968160097,0.11415817704949534,0.11743456621378233
548,0.0,0.18392954025836453,0.0721932859818912,0.03323738784965795,0.07252324831862811,0.07783881737416903,0.09141458046592567,0.1151136672503518,0.12443939891725697,0.10832807934195225,0.12098199424185077
549,0.0,0.1859964529200024,0.06887317511797225,0.034942204282448944,0.07398343288223776,0.07455452554769391,0.09187428599249449,0.11452327964165603,0.12724606697225505,0.1051440225431737,0.122862554100114
550,0.0,0.18741300913558664,0.06685094067392644,0.03587163920552129,0.07459583083250837,0.07243405670042334,0.09234812557663351,0.11466455480231666,0.12863815810427096,0.10275726054811586,0.12442642442074556
551,0.0,0.1944616266551873,0.05898686028834383,0.03871353308380846,0.0746863422380461,0.0633421282650763,0.09584799700178738,0.11843952704663671,0.13065259509245844,0.09223102256915981,0.13263836775954427
552,0.0,0.19637590341026595,0.05598256624536345,0.04026343205295241,0.07626619945543628,0.0602768446529708,0.09542816444019894,0.11843261251775142,0.13301524000717266,0.0899211138446596,0.1340379233732772
553,0.0,0.20492501926207754,0.04695076670125471,0.045070302060070275,0.07547723430071826,0.049242688442053074,0.09867559981842469,0.1229748659062763,0.1307747969702444,0.08642748378363142,0.13948124275529794
554,0.0,0.20663315626745218,0.04500610625645333,0.04634238357928937,0.07578226274689727,0.04679228655415575,0.09852972093974986,0.1237256042753744,0.13056293237433428,0.0868112708373719,0.1398142761689703
555,0.0,0.20761768429329658,0.0437988218434776,0.04707888881909526,0.07638697366360175,0.045212620321237885,0.09787188673554349,0.12425214666578216,0.1309519708616111,0.0868660361549375,0.13996297064146543
556,0.0,0.20883331372383698,0.042181148809560066,0.04793990478494965,0.07790047777769359,0.04289372993847771,0.0960347015471659,0.12524501524851203,0.1323450246603774,0.08650008901421603,0.14012659449525947
557,0.0,0.21184626705077347,0.039442469990024084,0.05123142846256423,0.07740094211156816,0.0378443076692822,0.09500915417876098,0.12734834712475435,0.12872703972076363,0.09292666231224102,0.13822338137931678
558,0.0,0.21229580345605462,0.03907739071098121,0.051717754166409724,0.0778525785332911,0.036695513261845183,0.09385161314051685,0.12813179418920143,0.12862484134006805,0.09405930210500182,0.13769340909667913
559,0.0,0.21264765233381488,0.038858501666239484,0.05216212371051178,0.07827660398272228,0.035607359937577646,0.09262695042518834,0.1289625025332679,0.1284507294400411,0.09532826164920567,0.13707931432148018
560,0.0,0.21291841457000232,0.03884392535292298,0.0523644548762387,0.07952773353197953,0.033953467884971104,0.08992522929055073,0.13075389651227579,0.12906954501453738,0.09632651122331802,0.1363168217432528
561,0.0,0.213006406503563,0.039004220961906345,0.05270643813914162,0.07988103824315329,0.032996806753429885,0.08855046781846841,0.13171785705084102,0.12871743121403528,0.09789240583511089,0.1355269274803997
562,0.0,0.21299273517298892,0.039316865331122504,0.05300583938772798,0.08019963037912298,0.03210191491669699,0.08712430832034589,0.1327139151003583,0.1283037433769713,0.09957522502047922,0.1346658229942354
563,0.0,0.21261599096228845,0.04070222976360786,0.05398448265653799,0.0801406808197327,0.030347517638649974,0.0841148900743475,0.1346902971348473,0.12604469791115275,0.10548211958180422,0.13187709345708085
564,0.0,0.21198198529586496,0.04210634014075048,0.05368830141920743,0.08108189006015323,0.02916152988190382,0.08100722952346422,0.13696624758768863,0.126169368899091,0.10728308157539466,0.13055402561653134
565,0.0,0.20785154387833793,0.050429368064218404,0.05449467363419085,0.0796881927407777,0.027139643099206988,0.07270618764514462,0.1416973632433816,0.12009464272117017,0.12356975446494181,0.12232863050867933
566,0.0,0.20630446141214434,0.053164050353663055,0.0549194836503043,0.07872235500519886,0.027135467864111806,0.07100398455422925,0.14211509645140258,0.11802149744365105,0.12862681488703548,0.11998678837830865
567,0.0,0.2027433432677555,0.059165930097694816,0.05684678162891263,0.07504772956915845,0.028405863485543047,0.06923334848885726,0.14022270296646963,0.11217187069484867,0.14198412567675264,0.1141783041240567
568,0.0,0.20145127433373172,0.06150946730924538,0.05656449811971045,0.07466964966769216,0.02843193274486281,0.06771929354065907,0.14091002181288825,0.11158252696829819,0.14425608502826884,0.11290525047469248
569,0.0,0.19566072742732463,0.07105649343712028,0.059078706388839886,0.0686200047639761,0.03183189862643078,0.06643978528087449,0.13560537002610665,0.10440550573283963,0.16277607267134978,0.10452543564518696
570,0.0,0.19206887267127656,0.07793716905260675,0.057267063077895954,0.06779817456508352,0.03187913237091234,0.06277498585475284,0.13769918036633597,0.104594092054691,0.16535633983961398,0.10262499014688063
571,0.0,0.18974153999158486,0.08201447505529955,0.057250719372597,0.06613654731176782,0.032775209087594626,0.06187954400972316,0.1366249211978051,0.10355366201389761,0.16933488256402865,0.10068849939575134
572,0.0,0.18821314358071672,0.08481795568297285,0.056799629850188826,0.06543487432834967,0.033011610363471444,0.06093956492141718,0.13669409390471796,0.10348048924162753,0.17072677533152528,0.09988186279506228
573,0.0,0.18667746395348092,0.08762807249081189,0.056357251115003226,0.06470315458053445,0.03324228977061918,0.06008863007594878,0.13668235206312998,0.10346791417214786,0.17201459948627096,0.09913827229210254
574,0.0,0.1813776381108843,0.09764326678137833,0.053185367995228536,0.06383061372096566,0.03223337777551602,0.055983607719121385,0.13989410108535985,0.10607249265542133,0.17145821642015177,0.09832131773602246
575,0.0,0.17907939922419974,0.10178446978799827,0.052225817815830515,0.06312685811894816,0.03189514168014542,0.05480047749111796,0.14046365682114267,0.10713901897948584,0.1715911294226598,0.09789403065852127
576,0.0,0.17756382008130073,0.10442485790356822,0.0520254145029719,0.06219039226670127,0.03202197855037013,0.05456710548319264,0.1398469658765529,0.1074426802128258,0.17248423817324654,0.09743254694931976
577,0.0,0.17536792234818194,0.10819851807699384,0.052293983131598165,0.06013193203572017,0.03274155840030564,0.05503136204713757,0.1374871508416917,0.10735050255883863,0.1748363775770781,0.09656069298250428
578,0.0,0.1739667909247662,0.11067522125310976,0.052144115151733866,0.05915313367991029,0.0328216605923785,0.05507211218828367,0.13665004981752346,0.10782767380404874,0.17545646943492166,0.09623277315337393
579,0.0,0.17197624807807893,0.11417810097114865,0.052448806903337475,0.05707437370702597,0.03345636135671195,0.0559197911292548,0.1340069821633246,0.10803408782182584,0.17730480948705818,0.09560043838228366
580,0.0,0.16896245640928764,0.11966607508715965,0.051870363929023416,0.05509876665815433,0.032920552535675794,0.056369869378644064,0.13241166735442306,0.11028944524266501,0.17715298931824447,0.09525781408677275
581,0.0,0.16679226881696885,0.12353850025142983,0.05128809893425908,0.054046297735706614,0.03179368702607028,0.05655598274641677,0.13197093200371532,0.112907711523326,0.17609714278074648,0.09500937818141114
582,0.0,0.16534273171230968,0.12606463556547085,0.05129981987114137,0.0528979407409143,0.0311844923056438,0.05725310454102208,0.13073983783821322,0.11463143424526007,0.17590991064906822,0.09467609253100696
583,0.0,0.16448168816486125,0.12757848468471839,0.051626918630581956,0.051760731788287176,0.03107185667766645,0.05821469626621538,0.12908804547721622,0.11545058782952419,0.17626178552973928,0.09446520495124013
584,0.0,0.16333766528969548,0.1295401988416704,0.05193884017766775,0.05052773123085692,0.03043184276761201,0.0592941905929516,0.12746282382350102,0.11721269069048833,0.1762692619909627,0.09398475459464432
585,0.0,0.1624271810443599,0.13125890080603222,0.052914488458602464,0.04832595529446431,0.0305887619265201,0.06165998360468304,0.12374587326009141,0.11803092063282825,0.17724813085270666,0.09379980411976234
586,0.0,0.16143479150058457,0.13336227909582096,0.05443238211397329,0.04509413991833041,0.030414988573836045,0.06563708491994333,0.11812898662120806,0.11979394793627553,0.17830960215521455,0.09339179716486411
587,0.0,0.1610930120413142,0.13427661774359453,0.05565092909491313,0.04291594690724551,0.029870069589797054,0.06873103038649334,0.11423746072116873,0.12151596877879736,0.17893401956256375,0.09277494517416339
588,0.0,0.1610699560954313,0.13449298709578927,0.05633310388543708,0.04184006132982248,0.02957017710836747,0.07036765034490579,0.11226188711828951,0.1223430083726283,0.17930802917400984,0.09241313947537015
589,0.0,0.16115038854863184,0.1345468671898113,0.05705679037869809,0.04077836222732552,0.02925689942076757,0.07205776019800925,0.11027773372474926,0.12313622284457887,0.17973074205339823,0.09200823341408125
590,0.0,0.16133428951983353,0.13443846133352272,0.057820266058223574,0.039732625638916406,0.028932471132620055,0.07379499521316757,0.1082926805488317,0.12388844923015524,0.18020940216927334,0.09155635915550708
591,0.0,0.16181258333693124,0.13376883165836131,0.0590387418056042,0.038492585646229344,0.028238689190437847,0.0760091224492915,0.10589659562968039,0.12522101233983984,0.18126929900987285,0.09025253893380271
592,0.0,0.16224366372802002,0.1332455474368508,0.059936014565395476,0.037465418292879235,0.02791818687214754,0.07783558314621851,0.10389582868216808,0.12582818629318074,0.18199662020350765,0.08963495077968331
593,0.0,0.16277501928360005,0.13256513992665642,0.06086601637093497,0.03645937211445093,0.027596031158346253,0.07968568016270895,0.10192080453659383,0.12637035038636646,0.18280189403016286,0.08895969203023074
594,0.0,0.16340489827887525,0.13173039921440544,0.06182621436390689,0.035475938595668194,0.02727500104424495,0.08155249112250906,0.09997927537108817,0.1268408693590963,0.18369014043245718,0.08822477221780012
595,0.0,0.16449445239886723,0.1304854473186483,0.06319418270750184,0.03383973215905706,0.026862363256744543,0.08481575349789842,0.09678338723386974,0.12717673474422847,0.1846388903225942,0.08770905636064175
596,0.0,0.16578914515150098,0.12897017345965528,0.06450890350996932,0.0323386309440061,0.026393913927845906,0.0880558129640922,0.09385511852024475,0.12735899313814106,0.18557179611382507,0.08715751227077098
597,0.0,0.16938278724211334,0.12292041118363597,0.06834831152235911,0.03046414490615413,0.025799070676139953,0.09182189561339454,0.08981839528198113,0.12806930024089883,0.1926321191085917,0.08074356422478288
598,0.0,0.17116215236421517,0.1205388738142403,0.0698718410826019,0.029092329682802318,0.025383631752753648,0.09495673104175145,0.08733941873000949,0.12758378436040696,0.19427694538417226,0.0797942917870981
599,0.0,0.17308306543165622,0.11797222760247264,0.07130728243205706,0.027866205156337514,0.024948889574239602,0.09798353933042252,0.08521225481512472,0.12687906977931054,0.19592296057087596,0.07882450530755483
600,0.0,0.17572919341162302,0.11464355446169094,0.07284311714957098,0.0264430803362209,0.02419117231181212,0.10208637498795474,0.08300241894814175,0.1255326913123086,0.1973068064777374,0.07822159060299153
601,0.0,0.17729126852561836,0.11238571945608518,0.07384707444091043,0.02587121118140858,0.0240686797301569,0.10363998322074165,0.0820825528151905,0.12476050135701142,0.1991951165715192,0.07685789270140986
602,0.0,0.17890071959262843,0.11005103790183929,0.0748401174972448,0.02533207813040611,0.023986641649612502,0.10512970009096173,0.08127261455345514,0.12386247016195462,0.201171749132684,0.07545287128926535
603,0.0,0.18055193108153547,0.1076477366278019,0.0758190243258266,0.024825684701172995,0.023947785711266746,0.10655106629844752,0.08057550878066914,0.12283791944181761,0.20323183796971558,0.07401150506179842
604,0.0,0.1828529032484864,0.10455110485861632,0.07685114432024247,0.024173372012632647,0.02357814773448041,0.10893161999139306,0.08001461802914582,0.12106399799063713,0.20497033656515296,0.07301275524926469
605,0.0,0.185182006455317,0.10142260967002847,0.07774598503401645,0.02366550759962432,0.023240808134128654,0.11112215200822204,0.07985381870061882,0.11904051173778235,0.2066637845668683,0.07206281609344567
606,0.0,0.19042013338802521,0.09467581250086671,0.07883642683958174,0.02316485214037555,0.022312866734869905,0.11565492780358025,0.08136635438770612,0.11339984492867618,0.20911619468837797,0.07105258658799228
607,0.0,0.19352495957853824,0.09001195195088692,0.08020257702498987,0.02280693598367279,0.02328616904579117,0.11654642083684492,0.08143583514307241,0.1104227467977663,0.21425774912145915,0.0675046545170302
608,0.0,0.19613898323783424,0.0866540695493445,0.08023127627391577,0.022968752199250014,0.02280781329196577,0.11845742333685277,0.08378396932652123,0.10639469120229791,0.21482258677932664,0.06774043480274339
609,0.0,0.20063687425837004,0.07982784519598692,0.08207609485341398,0.022511448568407148,0.02517596394666462,0.11877038687788435,0.0841360964642413,0.10152624992954701,0.22328264902538253,0.06205639088015437
610,0.0,0.20423843357855254,0.07473393030499764,0.08239286093834863,0.02271705637958576,0.02610677047040878,0.1198024492848036,0.08730722363811881,0.09541575846710496,0.22665285948725664,0.06063265745087524
611,0.0,0.21037442402098722,0.06583908900460425,0.08289188272090253,0.023037016378622738,0.029639207866644098,0.11988214403541442,0.09241306917949994,0.08457185379401722,0.23459538682082054,0.056755926178539765
612,0.0,0.2127385385802331,0.062329094117075746,0.08173648248336111,0.023969307570149565,0.031092921694798843,0.11994097703242762,0.09843303292522576,0.07648287364121689,0.2349633345087782,0.05831343744678598
613,0.0,0.21387190470064107,0.06060322533133957,0.08158354940627752,0.02413012544974068,0.03227725606014053,0.11962208360348539,0.09999725950536016,0.07361675559958321,0.2363888798826363,0.057908960460848355
614,0.0,0.21892702093860655,0.05307868580929123,0.08243594649933793,0.023736077876501407,0.03841660171355075,0.11744737181378492,0.10158057003846681,0.06570332756267037,0.2465588081423339,0.05211558960550883
615,0.0,0.22053230181350128,0.050387279021013774,0.08187216117331567,0.024057364711491558,0.04122877100967973,0.11646863797984566,0.10472592894329158,0.06001361578554327,0.2484255611558029,0.05228837840656743
616,0.0,0.22118288740412817,0.04921585778493538,0.08153907564279175,0.02422554091135833,0.04268907470403727,0.11594506853872931,0.10627786715976689,0.05721720957464973,0.2491221667810654,0.05258525149859084
617,0.0,0.2214872877642791,0.04807080650488345,0.08003391710888041,0.024955238239431216,0.0454624155904089,0.11502222544103105,0.11083951838758115,0.05071521129690404,0.24770325150706218,0.05571012815959192
618,0.0,0.2209262712602983,0.04830948074614436,0.07885467255963817,0.025520787346976204,0.04679079747485633,0.11464106441696653,0.11373505822726247,0.04712627815736844,0.24537038276715178,0.05872520704339096
619,0.0,0.22111239373954197,0.04774753327175372,0.07826309988191645,0.02574076397807712,0.04839289120931068,0.11410230990500803,0.11511887095874117,0.04462996971491429,0.24517163121074378,0.05972053613004641
620,0.0,0.22122325247433916,0.04697325651044692,0.07693547087026585,0.02620729876846436,0.05164859001929418,0.11306921096027474,0.11772132686092808,0.03987999878160711,0.24422005240845934,0.062121542345974015
621,0.0,0.2199352554109865,0.04807493475178196,0.07552636627944978,0.026805762464761084,0.05309596593844777,0.11282034559334762,0.12011317925782612,0.036873889370484886,0.2407259759447192,0.0660283249882489
622,0.0,0.21905187946465388,0.048278793346600596,0.0730523207354103,0.02758027537147216,0.05806892195069735,0.11165479143907876,0.1230869309993662,0.03091294344917736,0.23718414060360773,0.07112900263998971
623,0.0,0.22026718640790563,0.04618121975668033,0.07189458319676677,0.027737359171351793,0.06326798519337144,0.1101447627185985,0.12354260006088812,0.026812565830003653,0.2383927182393337,0.07175901942515445
624,0.0,0.2195594487764961,0.0466670433842168,0.07106135457501678,0.028011788804405302,0.06483810213854681,0.10997534000178094,0.12413135932816197,0.025259993239226255,0.2365506151814249,0.0739449545707786
625,0.0,0.21947987806927957,0.046231465469972866,0.06998801458075325,0.028322447186760708,0.06806900353465585,0.10930557272539501,0.12440112777467234,0.022824290996064516,0.2355853558222262,0.07579284384027424
626,0.0,0.2185433776254945,0.04695662615096701,0.06913880279224799,0.028625893141759017,0.06954469879216277,0.10930633173778609,0.12472696160659975,0.02156652111123261,0.23336254806083753,0.07822823898096742
627,0.0,0.21752750627933315,0.047769763571248965,0.06827790932704529,0.028941195616750286,0.07098404463557524,0.10938022463015264,0.12493999601971727,0.02043069821316042,0.23100873056243948,0.08073993114463202
628,0.0,0.21643548261707304,0.04866629131341157,0.06740751000624598,0.02926888380344287,0.0723836018558931,0.1095300576962186,0.12503874154743336,0.019417171141069785,0.2285335964802092,0.0833186635390572
629,0.0,0.2123140958057127,0.052553893549937045,0.06497801292603565,0.030204821036871107,0.07489809114847595,0.1107904514375061,0.12505135826555322,0.017762059008342764,0.21998930957121654,0.09145790725040384
630,0.0,0.21101130193664436,0.053693364873801684,0.06407018718859017,0.030569142272733142,0.07616523612735966,0.11121845772873656,0.12473074703995804,0.017175124155067226,0.21720532684350827,0.09416111183365598
631,0.0,0.20965007789737233,0.05489230800069683,0.06316275235857485,0.03094679064014665,0.07738097716387227,0.11172984929946168,0.12429515810668908,0.016705485101439883,0.21435210190736867,0.09688449952443298
632,0.0,0.20861493150665358,0.05551213057096105,0.061922866567608155,0.03154504851469108,0.07980124561579818,0.11209476433567367,0.12334644102098864,0.01587475556657446,0.21166997092738146,0.0996178453737248
633,0.0,0.2073907912574476,0.05629185226442363,0.06070741300363373,0.032236702802553904,0.08199089443448775,0.11263895815140272,0.12223363309869009,0.015296244399717758,0.20876983113420483,0.10244367945349321
634,0.0,0.20390048083470913,0.059641571618841704,0.05934735517760934,0.03286199274114605,0.08274976264951248,0.11453131764785857,0.12090963981486222,0.01562143242879697,0.20259299758878396,0.10784344949793469
635,0.0,0.20225514172434905,0.061087525754219996,0.05849700195999455,0.033335347845193014,0.0836112894143661,0.11550457021313543,0.11989965344401396,0.01574391162185216,0.19954259549366796,0.11052296252926298
636,0.0,0.2007367792192401,0.06212327076827584,0.05732058776463642,0.03418679712695072,0.08529670056631068,0.11653839798078297,0.11833428694293865,0.015773350780527818,0.19641544125971422,0.11327438759067782
637,0.0,0.1864028747148942,0.07682585550966949,0.05290181302428632,0.03590844074212263,0.08527183968812212,0.12579829063667447,0.1105139331212013,0.02044305020558568,0.1747140681574317,0.13121983420006753
638,0.0,0.18487380521211766,0.0782060959508028,0.05203071807110726,0.0364038045959113,0.08593148900495885,0.12720258642184842,0.10884833756230013,0.021122476911859794,0.17227081892880786,0.13310986734034136
639,0.0,0.18334632854941757,0.07957138453967932,0.05118225004886181,0.036910064184852515,0.0865348112607964,0.128661448416901,0.10712609168687776,0.02185743542345039,0.16992515048311954,0.1348850354060993
640,0.0,0.18182381365868694,0.08091771775651935,0.05035735934911715,0.037427008406712876,0.08708275422571479,0.1301702910124104,0.10535412952446409,0.0226421257242989,0.16768621006765053,0.1365385902744806
641,0.0,0.1803095044130557,0.08224130760694491,0.04955689101591912,0.03795434881296317,0.08757650542950077,0.1317242656518439,0.10353956854319783,0.023470737229533318,0.16556249836579245,0.13806437293130447
642,0.0,0.1788146995910755,0.08320186283383528,0.04851803787957068,0.03889854628195681,0.08840787864223448,0.13371933392449825,0.10118101338087476,0.0244429351616325,0.16347246238545665,0.13934322991892095
643,0.0,0.1758363009816959,0.08603746098359447,0.04732771705886797,0.039595865403172024,0.08874499166450317,0.13661093182234135,0.09789874719993386,0.02616214495020588,0.15996469361540738,0.14182114632033388
644,0.0,0.17430240928662877,0.0869411595757941,0.04641989950657394,0.04062348143473177,0.08925060089530557,0.13875307562089326,0.09553057856177564,0.027265607173902418,0.15832878462041824,0.14258440332403224
645,0.0,0.1680206280092139,0.0934167050586022,0.043931881856529846,0.04165870019866705,0.08975627064191266,0.14520950629119006,0.0877030344783517,0.031455425365322934,0.152447336530175,0.14640051157009043
646,0.0,0.1640952658626061,0.09753749683333167,0.041852046336029625,0.042573051999282976,0.09046786641752037,0.14999657420252585,0.08142128639972526,0.03472476195991387,0.14986493959996125,0.14746671038915876
647,0.0,0.16316239308812833,0.09824223360773186,0.04122070084168619,0.04308029819671067,0.09071457019988774,0.15158131578443695,0.0796029011672646,0.035619728846851134,0.14962930309710493,0.14714655517025352
648,0.0,0.1610577698177826,0.10045410663833038,0.03966342963110585,0.04381015574865795,0.09142234754398941,0.15491138914111297,0.07505538914898513,0.03789178447724885,0.1493934351220872,0.1463401927307559
649,0.0,0.16008651502229126,0.10077347623870972,0.03899086928306502,0.04466660796218922,0.09158949505978042,0.15699502361241038,0.07312856175463701,0.03881926535667284,0.1499138153366436,0.1450363703736569
650,0.0,0.15839532855550617,0.10301463285452529,0.03659892716162688,0.04548069799154091,0.09310099241438355,0.16114925637458133,0.06666611677320158,0.0418935375293268,0.15228892977463188,0.14141158057073186
651,0.0,0.15721135062087396,0.10306631127482958,0.0360602650941152,0.04659501367373355,0.09301977262369528,0.16352397194449628,0.06511943446704763,0.04265188441944746,0.15384619925093818,0.13890579663087932
652,0.0,0.1562909979632065,0.10319679209108766,0.03569115746703556,0.04740324382683706,0.0929655091842448,0.16515708110923696,0.0639575071077251,0.04327054000557116,0.15525756050149261,0.13680961074361908
653,0.0,0.1555998694835874,0.10357311816294659,0.03450971427892263,0.04818172815889648,0.09374277387904334,0.16750853397064683,0.06118404844458384,0.04458033639434673,0.1587599616306949,0.132359915596388
654,0.0,0.15463905462939243,0.10366445674646681,0.03433383392258081,0.04893985867443676,0.09361373416530334,0.168743284339794,0.06058553467571912,0.04500067539459754,0.16044584100931686,0.13003372644244907
655,0.0,0.1542887992204253,0.10370695510136813,0.03405754567105388,0.04928600703361989,0.09378053498386735,0.1694519331397179,0.06000589560946595,0.045333405004074775,0.16186952701986357,0.12821939721659995
656,0.0,0.15438977537799828,0.10361875791240609,0.03334020960505849,0.049536562740752035,0.09449066573006035,0.17027575909395953,0.058918446439702364,0.045862472972212964,0.16455399046274163,0.1250133596651652
657,0.0,0.15671478323617266,0.10216184861188544,0.03097897950286198,0.049758906068561995,0.09734232019286798,0.17082544174738884,0.057140458335675964,0.04672932662054805,0.17321342593037098,0.11513450975372304
658,0.0,0.15855248300400504,0.10085889595541961,0.029817887470356567,0.04980768238666262,0.09892346995500663,0.17026733563824017,0.05723439948351669,0.04679656519991304,0.1777970788567573,0.10994420205017949
659,0.0,0.16458563786676678,0.09648748553542962,0.027130952033620998,0.04977691293201674,0.10295709840303491,0.16676888561828696,0.05973005265550263,0.04612139691119365,0.18848207144382978,0.09795950660037508
660,0.0,0.16889156530817268,0.09327776752690912,0.025685638331976228,0.04974773648490503,0.10529858351295128,0.16358267552820824,0.06254968176318661,0.045295310330644184,0.19423877844477314,0.09143226276833072
661,0.0,0.16906446020140709,0.09310590654467742,0.02550610018989129,0.04972663765930228,0.10574044041772532,0.16279960886811654,0.06367177602524869,0.04504920666793061,0.19512279073617356,0.09021307268958474
662,0.0,0.17066597605402156,0.09190528633337938,0.02495794609911707,0.049669727885946896,0.10678664484483422,0.16092865646817087,0.06573754705763007,0.044531525068620265,0.19725901794097872,0.0875576722473585
663,0.0,0.17529181131144206,0.08845938415567235,0.023745307699694934,0.04962055630487857,0.10893438686623516,0.15657133428387837,0.07010819678346654,0.043359887454693886,0.20164798174805368,0.0822611533920421
664,0.0,0.17686401387921027,0.08733625888452555,0.023316504055595818,0.04954198273973599,0.10986101655864895,0.1542599839721001,0.0727104173581325,0.04276591664585112,0.20298126937106217,0.08036263653519515
665,0.0,0.17977603434034126,0.08536694824814167,0.022613565539607958,0.049356965900206405,0.11152659748162425,0.14931826041238322,0.0782724728366208,0.04160473904692182,0.2046195481009586,0.0775448680932519
666,0.0,0.18107750113914978,0.08454155074855318,0.02234730962999294,0.049245244700523674,0.11223510691714098,0.14676016835244302,0.08121745394751433,0.04105439303349306,0.2048903595686526,0.07663091196259454
667,0.0,0.182254651621423,0.08383978193236295,0.022143095211805908,0.04913024236784391,0.11285143638260511,0.14416190710200957,0.08422422700401948,0.04053904466548429,0.20480545585018012,0.07605015786232373
668,0.0,0.1832926105622499,0.08327129707441461,0.022004913157538417,0.04901581986065882,0.113366593494617,0.14154469442362566,0.08726607394041407,0.04006736756095609,0.2043723473195698,0.07579828260601382
669,0.0,0.18283444973997345,0.08389119222167708,0.022094774365611615,0.04879759000342422,0.11351671951433677,0.14029926609833085,0.08887058383175261,0.039972601252819505,0.20316168196283071,0.07656114100930128
670,0.0,0.1823112521732488,0.08457930510846272,0.022211268470332578,0.04856437862685714,0.11363270515202638,0.13906338323829578,0.09046787291719305,0.03990729082445564,0.20181621166452576,0.07744633182466039
671,0.0,0.1810787537681391,0.08615297937313691,0.022525567748769237,0.0480657266240846,0.11376016990418229,0.1366187366408769,0.09360503987040683,0.039870563696574636,0.19876419245807947,0.07955826991580847
672,0.0,0.18291511253863216,0.08541719353316359,0.022753160536010612,0.047912815617013424,0.1139608078320516,0.13045122461208936,0.10085647295896683,0.039172840830754105,0.19543918568403248,0.08112118585734401
673,0.0,0.18195914177342887,0.08652876241967583,0.023056376962726506,0.047647823975020445,0.11379474090838564,0.12936725080276423,0.10225244423792385,0.03930499857779582,0.1934009630040691,0.08268749733826808
674,0.0,0.18673979298300583,0.08270392430153992,0.023979319836769195,0.04899633544227445,0.11263719956720962,0.12022125754329892,0.1125172198295954,0.038205540216167566,0.1900529441547143,0.08394646612548333
675,0.0,0.18125120045919058,0.08834846581004539,0.02517572527777482,0.0478485158081233,0.11167321801926738,0.11993520810603397,0.11303957080493611,0.039461638082621486,0.18360873027866748,0.08965772735339816
676,0.0,0.17443359390059776,0.09537048873103592,0.027132123952792603,0.04642098940469852,0.1099863206566689,0.11896175745653996,0.11437026946709732,0.0411842136785641,0.17505067802689805,0.0970895647251657
677,0.0,0.17374864764870113,0.095999283174812,0.028281561616394956,0.04669256256218167,0.10853736162951907,0.11682888690447538,0.11701272875248239,0.041405965418660116,0.17216965196422782,0.09932335032860455
678,0.0,0.17270062121365726,0.09678427447022682,0.029633563711278486,0.047106998333598264,0.10685710835242286,0.11498525618073216,0.11915654003894259,0.04177441825311825,0.1694083927642901,0.10159282668179251
679,0.0,0.1711941361139542,0.09802488469587857,0.030792554049258052,0.047285566672899085,0.10551058538544186,0.11401991090463319,0.12019639566688739,0.042265615316399475,0.16709157007302394,0.10361878112168355
680,0.0,0.16289185329257577,0.1060951353979381,0.034382814436510936,0.04583040538214344,0.1021077091318448,0.11369027067606247,0.12031081700523802,0.044842363923845115,0.15855570942807373,0.1112929213258269
681,0.0,0.15844513964395077,0.11056512790056224,0.036322121639662794,0.044605079716539944,0.10047621012948439,0.11383104955521339,0.12008307502984722,0.04634955669894079,0.1543139492149357,0.1150086904709224
682,0.0,0.15703671327585647,0.11176153011004047,0.037286716947992266,0.0444128564080902,0.09952221305539666,0.11368867961860814,0.12024460212697459,0.04684638640476396,0.1529794676620046,0.11622083439033226
683,0.0,0.15554496650913566,0.11263703950145947,0.038763921192315275,0.04459830345905534,0.09792617098280737,0.11337952560807037,0.12054103734318156,0.047378059031204726,0.15175219009524699,0.11747878627758297
684,0.0,0.1530800002190735,0.11493613829942792,0.04030340463623206,0.04393319019028838,0.0966289395933329,0.11336550651095523,0.12040147526312839,0.048388544293234165,0.14962124591064377,0.1193415550837434
685,0.0,0.1507010567268954,0.11666652250858697,0.04239443258743619,0.04367109553381039,0.09471090614357229,0.11323160660595358,0.12026729616105655,0.049454113843122864,0.1478967762531805,0.121006193636445
686,0.0,0.14960094733375054,0.11740402669758405,0.04345662333434969,0.04355396098101761,0.09376631870522956,0.11318357362558634,0.12013465779204277,0.05000006888829144,0.1471796432836757,0.12172017935853217
687,0.0,0.14772871936239387,0.11716249101063612,0.046259617071307935,0.044806852706754614,0.09091424522668526,0.11328210319665272,0.11909157024567621,0.05094756262310877,0.14735580994742037,0.12245102860942421
688,0.0,0.14673223385313247,0.11766339817285579,0.04738196167166396,0.04478981631474787,0.09001984749655974,0.1133083330098026,0.11862363125607935,0.05158387370542688,0.14693237073519191,0.1229645337845994
689,0.0,0.14463049807382725,0.11799872445414866,0.05026095506688338,0.045343872406163166,0.08772024443909994,0.11349618267932564,0.11690122208056146,0.0531624120783698,0.14672812111890776,0.12375776760277314
690,0.0,0.14245294113941195,0.117405886687047,0.05379062569523877,0.04662537060030552,0.08510676626413237,0.11396692264865677,0.11374030487164119,0.055303326961257185,0.1474057534562726,0.12420210167609702
691,0.0,0.14187068512596826,0.11730167092624556,0.0549381831697138,0.04673232828295307,0.0844499362212022,0.11399082276583969,0.11282398495241083,0.05614337370508464,0.14731958566422398,0.12442942918641833
692,0.0,0.14100058243481706,0.11662076188362758,0.05668185803486117,0.0474719204798372,0.08337604795268445,0.11426867767841675,0.11077547180474434,0.057443518626039906,0.147832581785661,0.1245285793193711
693,0.0,0.13956737299632577,0.11472678019606342,0.06012105336496037,0.049131871145506774,0.08162732932268343,0.11483168958294614,0.10597062602673654,0.060428471501540834,0.1489652903068987,0.12462951555639873
694,0.0,0.13866143759071137,0.11293507971155148,0.06232060737097455,0.050744917877668244,0.08068767227748387,0.11542413174633828,0.10175763892810195,0.06276519055575723,0.15020112861321938,0.12450219532825452
695,0.0,0.13756757772441214,0.11024675959515927,0.06489573536150639,0.05324937677943137,0.07988283758143185,0.1163136720934621,0.095424014419593,0.06616096974492662,0.15214352982497725,0.12411552687516106
696,0.0,0.1375209359304228,0.10742507442285158,0.0673970025624056,0.05459651375223377,0.07987672456411746,0.11636987840644994,0.09033866417279345,0.0697649656787068,0.1522242585367028,0.12448598197337697
697,0.0,0.13781468702042596,0.10618322076396085,0.06836976568430593,0.054870411274934604,0.08007341137676725,0.11618015264992815,0.08861584705686341,0.07126278638079014,0.1517743424448198,0.1248553753472652
698,0.0,0.14116209298124635,0.10114377757146988,0.07177141024181709,0.053746252937960155,0.08190210673593053,0.11372026362195212,0.08567614959324142,0.0766079493787309,0.14662016222109966,0.1276498347166129
699,0.0,0.14506534208606528,0.09666899414702729,0.07383553497177583,0.05232052613150292,0.08405828709831678,0.11085475705964222,0.08480851237324262,0.08090564343513722,0.1413638734741151,0.13011852922323583
700,0.0,0.14623835760961312,0.08409854134831538,0.07573769457786778,0.061856970003995045,0.08888281121824934,0.11275282546722375,0.05958272974056672,0.09628240336103741,0.14336922086563972,0.1311984458075529
701,0.0,0.14775768435461278,0.0799440268242464,0.0759483709945961,0.06397932552400587,0.091341097630837,0.11223371651901429,0.053412448137733624,0.1011884867008829,0.14231231082625231,0.1318825324878802
702,0.0,0.14913282533677447,0.07773892275830332,0.07627849871308542,0.06420490027350442,0.09282013709426787,0.1115038459886427,0.05143685574144699,0.10349659030013708,0.14031553791714357,0.13307188587675575
703,0.0,0.15055646962230823,0.07550937959039744,0.07655734358322577,0.06441775910813348,0.09437381784538994,0.11073816180159346,0.04947359398255635,0.10583758980674837,0.1382313273059151,0.13430455735379349
704,0.0,0.15202408120104607,0.07326139595837737,0.07678415784408937,0.06461813236266746,0.09599926130724071,0.10993851375114122,0.04752486402053048,0.10820657163068366,0.1360678658179554,0.13557515610633006
705,0.0,0.15376648499682247,0.06997347393054842,0.07667110677516599,0.0657685592703673,0.09840443184857472,0.10907438187141281,0.043605957657619036,0.11196785278470052,0.1341806636312894,0.1365870872335613
706,0.0,0.15558288018893568,0.06668331431045708,0.07642520907804301,0.0669153295893371,0.10094362191458833,0.10812275408315068,0.03979990774116855,0.11573114834926451,0.1322429746908396,0.13755286005427733
707,0.0,0.16128266150871742,0.059776071827822005,0.07720425901748101,0.06552992646377155,0.10713458607131153,0.1046013313003497,0.03628851700351773,0.12257663072020004,0.12194087441116201,0.14366514167572908
708,0.0,0.16453804779476222,0.05540101246993162,0.07687888192405024,0.06575613539413815,0.11125333249622923,0.1026256366627712,0.032783041273779026,0.12733661193814147,0.11709211710024198,0.14633518294601708
709,0.0,0.16618069811253358,0.05326056985975736,0.07662641852466402,0.06585812238573027,0.11336865226990085,0.10161044672183023,0.031088378182529335,0.12968073692071752,0.11469958594267529,0.1476263910797238
710,0.0,0.16781951370563475,0.051160259028682285,0.0763211201910403,0.06595182943220768,0.11551785199986013,0.10058299529739434,0.02943652534052179,0.1319867900683964,0.11234537876366364,0.14887773617266103
711,0.0,0.1717221950276031,0.04709555569135343,0.07639783144845774,0.06434411389216488,0.12034143369189351,0.09781138419408511,0.028001541217669977,0.1362055464208644,0.10461091597961336,0.15346948243635702
712,0.0,0.17331840231740486,0.04516738442163888,0.0759102726418759,0.06442712454355369,0.12255462227954707,0.09676950472405464,0.02644339212835904,0.13838550532677277,0.1024408415908593,0.1545829500259966
713,0.0,0.1754072352245263,0.04235047947233257,0.07466091276061068,0.06541686590075806,0.12567724724822446,0.0955287032517133,0.023399808297119386,0.14163448877489812,0.10097152923619143,0.1549527298336885
714,0.0,0.17970508564450532,0.03834553108784826,0.07434738072432887,0.06301955801256391,0.1319644979891193,0.09200569436781939,0.022320374269846385,0.1460863976193808,0.09171672057714605,0.1604887597075047
715,0.0,0.18228985249521004,0.03504486172267263,0.07194898254281681,0.06484300763438573,0.1359743713683676,0.09055358163686038,0.018338381098459266,0.14975713233865004,0.0918794366156324,0.15937039254700824
716,0.0,0.18363787416299704,0.03363702137791821,0.0711360940266228,0.06490181495494446,0.13819712478460247,0.08954309273863476,0.017227181909163024,0.15129566388081936,0.09064448117002245,0.15977965099433875
717,0.0,0.18672084694778712,0.0307418102342678,0.06939746516329366,0.06421822616660434,0.1439050987518833,0.08687609725499805,0.015350217703329165,0.1545088402723231,0.08677197853312099,0.1615094189724559
718,0.0,0.18951815597341146,0.02799585126067646,0.06653453834511662,0.06517921916690757,0.14899924499632913,0.08467937949421028,0.012910511318821842,0.15706645291606272,0.08733581723833392,0.15978082929019394
719,0.0,0.19140928306784677,0.0264356047939436,0.06448467183747006,0.06529249435549839,0.1531025030208648,0.08284033228801278,0.011819039151716292,0.15838199276371642,0.08748564573341018,0.1587484329875846
720,0.0,0.19226283705934483,0.02580939034282539,0.0634124101317333,0.06535339764831374,0.1550863608728584,0.0819431511699444,0.01142118286311704,0.15881581451226315,0.08789562792885154,0.1579998274708122
721,0.0,0.19427755982962416,0.024111530390800745,0.06035156354413978,0.06702084902758629,0.1584975605820183,0.08023502351918588,0.010563798800884332,0.15926970757147493,0.09258289671118881,0.15308951002316107
722,0.0,0.19552283650994623,0.023228015119899446,0.05828794646557662,0.06785936244594251,0.16104576843997562,0.07888292774930014,0.010533771977076702,0.15912572327234972,0.09588830743128951,0.14962534058870777
723,0.0,0.19341812233099775,0.02777715664209959,0.055702944396485016,0.06296420606151265,0.1701933004707672,0.07571242493428433,0.01215018095820653,0.15584534341732473,0.09347761938879466,0.15275870139959188
724,0.0,0.19535989166874423,0.027161329072254603,0.051397953981479824,0.06508408151920167,0.1733259005641806,0.07370395856100542,0.013622898785402363,0.1531340862645657,0.10411157655136946,0.1430983230318607
725,0.0,0.19447791744071954,0.028880584520083602,0.049916428580782615,0.0647778609678638,0.17512514693498832,0.07301558700786064,0.01461825170160255,0.15093474562481124,0.10728180895722766,0.14097166826412447
726,0.0,0.1914168728696191,0.0334050645422175,0.047807166752677585,0.0638824848442674,0.17742148691102475,0.07254420704094339,0.016192076101657186,0.14653958181183388,0.11195223793086333,0.1388388211949605
727,0.0,0.18024110806654314,0.04833535785086419,0.04246442388227951,0.06355953384575215,0.1782768302799646,0.0740690340410169,0.020152786247889246,0.13288708086821321,0.12760633775690325,0.13240750716063823
728,0.0,0.17918583309966668,0.05155450028995785,0.03898025139552714,0.06463641977934241,0.17891848549412182,0.07336689204676114,0.023702879090464053,0.1267414394504147,0.1385456627462788,0.12436763660753014
729,0.0,0.1767485544759443,0.05510161710835563,0.037400023140771045,0.06511140409462234,0.1783254880735855,0.07386994216871583,0.025302884069910003,0.12274476272116078,0.14394692387961514,0.12144840026738411
730,0.0,0.17106051700681102,0.062453875019965216,0.03515085612634071,0.06607018613071551,0.17594555848019938,0.07586754759353728,0.027252210230142106,0.11581260773011923,0.15218539082513796,0.11820125085709642
731,0.0,0.17005780066603035,0.06432693445210626,0.03399850575073088,0.06646510547987419,0.17552070756201232,0.07597895015710597,0.02875077911367531,0.11312655364061816,0.1560384602394848,0.1157362029384266
732,0.0,0.16850575055302047,0.06813704508481293,0.031143241955751383,0.0673460109013862,0.17487781354398996,0.0755236011531121,0.03346594854088046,0.1065269377236778,0.16560696786814766,0.10886668267528624
733,0.0,0.16255964579091647,0.07559198417224579,0.029270416951696028,0.0687318064425416,0.17098444726594234,0.07826950807161509,0.035259791452206875,0.09985840519799384,0.17270231799447974,0.10677167666042757
734,0.0,0.16150297994362867,0.07748230635154181,0.028355044358464292,0.06909927533994763,0.17015433303203756,0.07847808427729462,0.036935434170319616,0.09734356354504128,0.17571195710488474,0.10493702187690525
735,0.0,0.15875648901685974,0.08311786152007147,0.025466545066866755,0.07014031611226659,0.16768828561319196,0.07824973974133621,0.043940107134026914,0.08918872977528919,0.18490971020101293,0.0985422158191439
736,0.0,0.15554478314942952,0.0884384831934424,0.0236277821378997,0.07117768619616816,0.16443976670090762,0.07875670922864307,0.04925268394889282,0.08309860129932473,0.19036177050637726,0.0953017336389807
737,0.0,0.15247589314760804,0.09342472522906961,0.022243552286692045,0.07219104315282238,0.16079281113602184,0.07924069867544416,0.054473854970072504,0.07808440116074335,0.19365223611589505,0.09342078412569745
738,0.0,0.15055241703082145,0.09652364823860625,0.021564622915373952,0.07284413020736363,0.1581558347343167,0.07956270043590528,0.05784562322852105,0.07540290729121772,0.1946250768083779,0.09292303910956247
739,0.0,0.14842674750539264,0.09931072577697041,0.021167067127644695,0.0737271427510036,0.15522162142339085,0.08082410945441987,0.059000740916583576,0.07383703978292942,0.19471214991016259,0.09377265535156883
740,0.0,0.14449135015261916,0.10403513338743403,0.020665394442718497,0.0757946755207005,0.14893080186421057,0.084422636965192,0.05889477217636463,0.07203411848989434,0.194027353342376,0.09670376365855685
741,0.0,0.14536556955545057,0.10581371944663148,0.02089387324227381,0.07428880034541192,0.1478575690572105,0.078950485577416,0.0726173736394651,0.07005937566769461,0.18933964483509155,0.09481358863342101
742,0.0,0.14262129349142513,0.10928466281683812,0.021044538016618188,0.0764122188339186,0.1413743460951109,0.08120234595469558,0.07333164860627275,0.07117726602460756,0.1845982638422748,0.09895341631830512
743,0.0,0.1416455940328007,0.11057647660348822,0.021210717640718857,0.0774614621551702,0.13806756711092272,0.08237177335956382,0.07348835889497819,0.07216921928579059,0.18191591996783432,0.10109291094879913
744,0.0,0.1407518996666384,0.11197901794481681,0.02171231010272385,0.07890309123363218,0.13305179002493683,0.08363131725450332,0.07440109374451309,0.07434134778774827,0.17697237969414642,0.10425575254640786
745,0.0,0.1404694092683218,0.11247859076048054,0.022035570135871152,0.0799474733429627,0.12972738730325756,0.08477193604431829,0.07423418182144371,0.07604299760166659,0.17402692062918157,0.10626553309256319
746,0.0,0.14047747396873136,0.11265334361116758,0.022413716722222872,0.0809704635211034,0.12642602556434154,0.08589133818838406,0.07397328678658965,0.07795799732179484,0.17110380449286017,0.10813254982287171
747,0.0,0.14137614998481596,0.11216210275473558,0.023672060975202625,0.08273797594412223,0.11978818540209038,0.08707021508331618,0.07482439107693954,0.08295795827744601,0.16407955141209765,0.1113314090893014
748,0.0,0.14765021857426874,0.10563878572568375,0.02563006557122443,0.08723395885747234,0.10706344508845296,0.09280592273674272,0.06894424856941242,0.09257744056235727,0.15843536300703712,0.11402055130741585
749,0.0,0.14855051978491782,0.10491657773936706,0.02644649095630073,0.08716565013080065,0.10525419442736869,0.09211700916367262,0.07087535980399025,0.09485618417776141,0.15608941099385581,0.11372860282203265
750,0.0,0.14957299858459597,0.10392026063261059,0.02697248491340095,0.08737298840677023,0.10375674462597594,0.09210047987952924,0.07135612472514564,0.09643776534857856,0.15513021773093796,0.11337993515252252
751,0.0,0.15321267976288006,0.10009332351417546,0.02796013867232706,0.08837160217628717,0.10020393075895981,0.09318792986794246,0.07016355272723,0.09974032218529229,0.1550589610657807,0.11200755926919292
752,0.0,0.15587202642646714,0.09731493729423864,0.028762787267330166,0.08885296017239777,0.09789875125206729,0.09357338905160899,0.06993063109942932,0.10201939908819908,0.1552732103183353,0.1105019080299943
753,0.0,0.16031109072732166,0.0926066916238125,0.029874369114918385,0.08949608263164285,0.09499431442078395,0.09419736794074844,0.06917182536646185,0.10486027204724867,0.15681168338867033,0.10767630273845966
754,0.0,0.16343136866149344,0.08931179911491592,0.03074308513958839,0.08974570204684273,0.09311629128495028,0.0942852297564227,0.06924871560889571,0.10673424207935628,0.15824447566343167,0.1051390906441714
755,0.0,0.1647302537176526,0.08804237047477118,0.03159347549924897,0.08967245904923608,0.09136022962686506,0.09360500868630635,0.07108680988040209,0.10833256335859277,0.15878353804010598,0.10279329166688742
756,0.0,0.16600551522247814,0.08677899612606295,0.03245054543765102,0.08967094682923162,0.08953388047619161,0.09293482222748403,0.07286449942601585,0.10972450108547992,0.15977316323817112,0.1002631299313023
757,0.0,0.1703377501548208,0.08228978945980044,0.034480719909810505,0.0901064714922216,0.08524896304938807,0.0915781137897329,0.07588708187545672,0.11224806032982387,0.16473955781604774,0.09308349212296618
758,0.0,0.17189549890956166,0.08064372434126789,0.03505677685354581,0.09027088032322801,0.0840775288705513,0.09123726801887247,0.07657924516349829,0.11273788009931886,0.16679956094088672,0.09070163647933799
759,0.0,0.17467732830920657,0.0777467033527435,0.03644069493800981,0.09071337538991223,0.08092800618990555,0.09021066629677431,0.07891721327284688,0.11334849458213955,0.17189135164256705,0.08512616602596382
760,0.0,0.17624451488896514,0.0760847658598093,0.03699995648629769,0.09092543720310055,0.079784974006303,0.08981046980705523,0.07965575948378156,0.11342295814011755,0.17449374325449893,0.0825774208701406
761,0.0,0.1833497884448689,0.06843262467983491,0.038848540639651666,0.09147224339677291,0.07738415107652047,0.08820608257602719,0.08139224905771525,0.11308899871503465,0.18463511195538443,0.07319020945825916
762,0.0,0.19392615061834684,0.05691037563506616,0.04176468552465875,0.09167000539284893,0.0750312897887389,0.08481115035686007,0.085515933288949,0.11024935653005577,0.2011974814259606,0.058923571438584586
763,0.0,0.19921871110054662,0.051038369695518795,0.04321403103259946,0.09129315990577887,0.07497681819963344,0.08276510719802814,0.08790141880252128,0.10811754563460484,0.20923021644609366,0.05224462198474478
764,0.0,0.20246713465650235,0.04740652410231874,0.044216422125464866,0.09101541889287515,0.07476853092916604,0.08130964232207946,0.08995925042994946,0.10618057917611433,0.21474192059395203,0.047934576771647315
765,0.0,0.20558168181247022,0.04389533246198265,0.04522413243729993,0.09066246826186232,0.07470227507797043,0.07976631245461159,0.09218567883519888,0.10399250989982672,0.220084233699236,0.04390537505961115
766,0.0,0.20760187218820592,0.04165316799667142,0.046226455887230275,0.09102729493459001,0.07223801111734686,0.07860691641203259,0.09570890429978265,0.09994344061602714,0.22618866929658493,0.04080526725159827
767,0.0,0.20877215892214293,0.040334212845800035,0.04671057700222503,0.09103638139770635,0.0716332965798691,0.07792263275706118,0.09717570779837179,0.09817925458364592,0.22869506769931505,0.03954071041393294
768,0.0,0.20994729170515536,0.039152953629502114,0.04755831194916242,0.09192857412515239,0.06780547973979409,0.07720591294019813,0.1008876675673079,0.0925800105184041,0.23323594325638478,0.03969785456900909
769,0.0,0.21387448079399357,0.034562733995612466,0.04908799664776501,0.09118529082091129,0.06869921445034921,0.07436707258309508,0.10450959970675196,0.08845620934925917,0.23825175465909146,0.03700564699324139
770,0.0,0.21748569652075966,0.030269995987413038,0.05100100586462893,0.09080089225962405,0.06791509503730339,0.07119906814641325,0.11002747625118892,0.08098193115365972,0.24230012660894432,0.038018712170135534
771,0.0,0.21919031678480239,0.028124101910648562,0.0520088696514712,0.09030382809351555,0.06831732816389605,0.06940318864592511,0.1127002486840409,0.07765993469413826,0.2435648102351734,0.03872737313645945
772,0.0,0.21968984026464997,0.02746866959046888,0.052436650341233355,0.09030279435083209,0.06783780442269435,0.06880826554099495,0.11410181932424845,0.07549640870596874,0.243393265861091,0.04046448159788905
773,0.0,0.2196056149929771,0.027555225218612776,0.05270476224261588,0.09082903234457587,0.06595012095652115,0.06885126245534187,0.11551033526474398,0.07236824416686137,0.24155680038479896,0.04506860197302196
774,0.0,0.21998160179839407,0.0270339802659023,0.05312738454133807,0.09084330338048964,0.06546170095338891,0.06830492176311967,0.11679146755676618,0.07023845569271593,0.24063352687337133,0.04758365717458492
775,0.0,0.22089242097512649,0.025579461300691008,0.054835976213385776,0.09095018331100231,0.06345612635361672,0.06627276434932261,0.12142961791800842,0.06196951597431776,0.23409768338360756,0.06051625022099255
776,0.0,0.22096006944246488,0.02535577974994768,0.05525925008970685,0.09096957732115006,0.06297772756678441,0.06585389963744036,0.12246733004633263,0.06000337232020568,0.23175192683867185,0.06440106698736689
777,0.0,0.22141864276848472,0.024408165562604833,0.05628471013282094,0.09048347486492049,0.06339632495531503,0.06431823963853585,0.12468339833082823,0.05699376778447517,0.22889655694614294,0.06911671901594331
778,0.0,0.22184265434448736,0.02151458904603225,0.06088132493594182,0.08650654849197748,0.0694436363947607,0.05650681895979139,0.13359319204609044,0.048282631233411276,0.221910861198873,0.07951774334870587
779,0.0,0.2204562381236333,0.02239090376848681,0.061659458497961,0.08661581700242549,0.06842981561068145,0.05641429302141516,0.13488847283083605,0.04527035550290391,0.21398865189048794,0.08988599375124072
780,0.0,0.21924438526709913,0.023386522071814814,0.061894781816942496,0.08731832165877665,0.06649950544641134,0.057399446112989694,0.13494083807326906,0.043319887679529594,0.2064553038094285,0.09954100806381055
781,0.0,0.21743976894520786,0.024272553529824673,0.06342154357263358,0.08629287382798283,0.06761462220956241,0.05577040057285598,0.13707069935921662,0.040611386850523803,0.20011688014983178,0.1073892709824324
782,0.0,0.21603743866756414,0.02537833034902151,0.06371197187663157,0.08702567634473657,0.06566412130244888,0.05698541764126706,0.13673104112709505,0.03905466128083099,0.1920941768199006,0.11731716459057559
783,0.0,0.21093947004091995,0.02863064493142818,0.06668952837559627,0.08458808466660711,0.06865418569713047,0.05391485465803326,0.13994205616877314,0.0355277982024011,0.18256539220600648,0.12854798505317594
784,0.0,0.2096008767827687,0.029592274769437307,0.0670814500215518,0.08477225920174052,0.06797426441383295,0.05443750700623754,0.13978380746583263,0.03481696191671329,0.17808924568323048,0.13385135273872678
785,0.0,0.2048302792093207,0.03315160689815615,0.06880229586734674,0.083549052789372,0.06906919197760264,0.05370112701541447,0.14051794533287634,0.03339944848520534,0.17114092005452786,0.14183813237024984
786,0.0,0.20064970941460783,0.03569284591917851,0.0698690112991414,0.08664072697617972,0.06238120403282502,0.05961347540380787,0.13641680747398888,0.03185448694684151,0.15062271707753744,0.16625901545596394
787,0.0,0.19667481049506777,0.03861832795478397,0.07117047658989151,0.08624264799843448,0.06229287703280857,0.059964449168765234,0.13576962996176198,0.031495448920413706,0.14700501643927624,0.1707663154388689
788,0.0,0.195117042602626,0.039628183394192586,0.07171238593149162,0.08651594162816467,0.061456414183473786,0.06089008869120492,0.13490817360050164,0.03138469779030799,0.14421471130830874,0.1741723608698006
789,0.0,0.19200167373910315,0.04159329600856887,0.07286444624227206,0.08708144616872464,0.05973427696843836,0.06282549974788652,0.13299413073819208,0.031296181397441544,0.13952630892672244,0.18008274006272287
790,0.0,0.18634437717406138,0.04592303224135669,0.07437177252292541,0.08667647094951952,0.05938363273931471,0.06387238053160217,0.13108782292129373,0.03190589088543289,0.13933711515378547,0.18109750488078064
791,0.0,0.18474751829902775,0.0468580519137098,0.07497629540513676,0.0870075382641218,0.05847728936600877,0.06502020991109271,0.1298967823202422,0.032088493116009614,0.13818676107664252,0.18274106032808082
792,0.0,0.1831634689412527,0.04775554817067486,0.07560834973734734,0.0873390098154394,0.05756790436096139,0.06618590249084094,0.12866148507519545,0.03230628886891248,0.13737760300904686,0.18403443953040138
793,0.0,0.1788006448048033,0.05099765650652466,0.07672130803585056,0.08732948153662923,0.056732940322328555,0.06775332603884214,0.1263048314710985,0.0333843231918048,0.13932032544402068,0.1826551626481705
794,0.0,0.17445440406957827,0.054231089672454345,0.07775852556952012,0.08737642052712787,0.055774861181884794,0.06957610876559822,0.12360352382929421,0.034834985415504664,0.1424208169316056,0.1799692640375049
795,0.0,0.17156774798809288,0.05616862702253861,0.07858402242539854,0.08760792415030798,0.05477976253436229,0.07124347107619418,0.1213952353030865,0.03595677613746659,0.14488505111672692,0.17781138224589862
796,0.0,0.16875667133076835,0.05801322363325001,0.07940443605306596,0.0878550992807738,0.05375399914505591,0.07298183864698837,0.11907483797260177,0.03723072807067116,0.14799033288802232,0.17493883297887552
797,0.0,0.16728579187564868,0.0579120107471655,0.08076581705374468,0.08868846020386088,0.05202762422467434,0.07525128519390392,0.11688465114806185,0.0376460052208429,0.14953269186333415,0.17400566246883648
798,0.0,0.1659367238514802,0.05836347766591191,0.08156043308796687,0.0890320007424034,0.051127942562472835,0.0765711198769873,0.11534801323422547,0.03825906292410963,0.15171377455897134,0.17208745149554427
799,0.0,0.16462767625187083,0.058748558005756436,0.08238850145340784,0.08936391091652476,0.050244380984338165,0.0778785087905008,0.11380184549357455,0.03889795667607901,0.15418797404225074,0.1698606873857704
800,0.0,0.16312261538015443,0.05591004667610417,0.08670573433287183,0.09096507928937937,0.046894876370012634,0.08226887879979446,0.10978008679571286,0.038717175516305574,0.15945732815330643,0.16617817868643167
801,0.0,0.16182323080889757,0.054337122065120196,0.08974701417893945,0.09162782598457778,0.045149374029589115,0.08474436521982623,0.10708511620202983,0.038910105066300237,0.1652763502922708,0.16129949615252245
802,0.0,0.15975739015979384,0.0551341916030207,0.09097397364899856,0.09184841587420033,0.04416811059657508,0.08625156947379402,0.10463356987802029,0.040414204257322214,0.17256261395479125,0.15425596055355742
803,0.0,0.1577249516028869,0.05390231677990963,0.09444849431537254,0.09230471230587442,0.042527367083239925,0.08881190290550064,0.101139263775854,0.04158726027846728,0.18312623426045774,0.14442749669251093
804,0.0,0.15680152605861933,0.05364865976839379,0.09568293442846473,0.09242488742705403,0.04195701533800559,0.08975393071362192,0.09967249299735677,0.042347748295587524,0.1878855438713789,0.1398252611015915
805,0.0,0.15508711256120808,0.05297163837589423,0.09821416430290968,0.09260549528234904,0.04091502676786046,0.09153774866417665,0.09676221952653467,0.04398675295337633,0.19758715004992664,0.13033269151583837
806,0.0,0.15217232660885424,0.05098536891754704,0.10349589974132896,0.09270019559422249,0.03927626671683075,0.09467009371576625,0.0910664731109587,0.04781069438221671,0.21692367182972658,0.11089900938262257
807,0.0,0.15041950535898854,0.051216019400556125,0.10498383607343995,0.09255243181176674,0.03856790647826977,0.096223784637876,0.08748278367835678,0.051853508026537945,0.2265842948178473,0.10011592971643532
808,0.0,0.14939061614476967,0.050855523427894976,0.10641936545652986,0.092346809137628,0.038222985644373375,0.0972533728184912,0.08501834396194666,0.05478486822357623,0.23295559738102747,0.09275251780383725
809,0.0,0.14739524591376607,0.05116003160967075,0.1080402207231017,0.09152098795183711,0.0378044532794185,0.09929073307727528,0.0792032151959088,0.0636473585713263,0.24340138324152574,0.0785363704362444
810,0.0,0.14681159264141833,0.05038622314011909,0.10948861177727301,0.09100569944228375,0.03788007875822528,0.10003258307487481,0.07685682111039832,0.06750313881954968,0.24725872471982016,0.07277652651611213
811,0.0,0.1465724165475188,0.04935912310250454,0.11088676062267357,0.09067798021560829,0.03802349789313258,0.10038455479114518,0.07566428246447436,0.06942050479991649,0.24953227832159985,0.06947860124150108
812,0.0,0.14635651540054925,0.0471276393858931,0.11364330641460565,0.0902400270769526,0.038352382393742133,0.10069186170641672,0.07443091492035872,0.07120532167513732,0.25273117357950636,0.06522085744691289
813,0.0,0.14580618214058091,0.040515756791260626,0.12185565259568255,0.0890571132533441,0.03967684025047174,0.10076553795421121,0.07206335627656835,0.07468503544869201,0.259167739088098,0.056406786201165376
814,0.0,0.14540545590339024,0.037362437410284,0.12595809427188787,0.0880725170781541,0.040702428449170824,0.10071037863822742,0.06994182386870448,0.07902310816944558,0.26005500888787764,0.052768747322932866
815,0.0,0.1451784906976692,0.03512356242691213,0.12885566154865757,0.0866682134099267,0.04192052767986191,0.10078940626239136,0.0668496255258108,0.0863120981488627,0.2570562032613691,0.0512462110386137
816,0.0,0.1446479554518456,0.031480158841318814,0.13367666131573996,0.0859203731613517,0.04328230398943265,0.09996120448874615,0.06604785148377988,0.08864130200640055,0.25539660594528435,0.050945583316175574
817,0.0,0.14454107408131897,0.030511285939538314,0.1349487708694093,0.08539102029595252,0.04387244884288536,0.09981575753343837,0.06508336033218723,0.09121443068953333,0.25303878524762585,0.05158306616818618
818,0.0,0.14444065932118932,0.029560379526462982,0.13619871383595114,0.08484536236009538,0.04449146216404222,0.09964586314899077,0.06413523959501881,0.09383530942044227,0.25031145978053543,0.05253555084734714
819,0.0,0.14434531767873196,0.02862985815425764,0.13742519430038497,0.08428454462561265,0.045137342777593584,0.09945339351348419,0.06320345457464345,0.09649922068210343,0.24722660602252097,0.053795067670742644
820,0.0,0.1443718732404516,0.027487970142466615,0.13884922549407178,0.08311211799336342,0.046269173031479885,0.09927577733871121,0.061318560213258835,0.10196478028691154,0.24067111342423014,0.05667940883513067
821,0.0,0.14408195096668616,0.02598655091742547,0.14094186525397717,0.0825203861802477,0.04721440133637248,0.09875220317456686,0.06051452166326989,0.10471319746865385,0.2359735665799844,0.05930135645889171
822,0.0,0.14429124522119632,0.02461988046009285,0.14259075582274985,0.08052442553093704,0.04909581477888838,0.09841973577226164,0.057854273710138945,0.11315422102402228,0.22399635557943426,0.06545329210035436
823,0.0,0.14468019700790388,0.022150612931577378,0.14567772816402338,0.07674446307681829,0.05287038105980529,0.09731413401543795,0.05400547045087153,0.12738167271205464,0.2005702293589679,0.07860511122261546
824,0.0,0.14521876185423788,0.020492558943918784,0.1477004293213585,0.0732928382283767,0.05625566677281459,0.09610233023381358,0.05153819960207412,0.1386638538087144,0.18051550129173374,0.09021985994303351
825,0.0,0.14492780209777384,0.01882234567739187,0.15025569193923655,0.07179971132971223,0.05819661292730239,0.09493609052211888,0.050545785971535175,0.1441996855090206,0.16703221977572338,0.09928405425026127
826,0.0,0.14461684321363907,0.018031843981012652,0.15162843766029654,0.07122846056014884,0.05908377745677641,0.09432431114740221,0.05008052633231042,0.14679972710403003,0.15980907594076604,0.10439699660369402
827,0.0,0.14453278861383784,0.017546875438814065,0.15244915502722317,0.07048565023473716,0.05995500212144778,0.09387516877396174,0.04962903088230997,0.1493309050990738,0.153792985869071,0.10840243793959986
828,0.0,0.14460871160388278,0.0168005731585309,0.15364353972508818,0.06874152430161035,0.0617696020354639,0.09306300798241862,0.048833178439054624,0.15427389203603573,0.1429239394316231,0.11534203128636827
829,0.0,0.14499797124968647,0.014933810816028504,0.15682980840837804,0.06304347179873673,0.06752071236824977,0.09029698065929284,0.047493277883293335,0.167607487981628,0.11272264698347699,0.1345538318513058
830,0.0,0.14462771861101226,0.014719423885448503,0.15762835093477584,0.06269945344926361,0.06805878614453857,0.08980395484546631,0.04735168195469553,0.1692539199139477,0.10732012932217748,0.13853658093875082
831,0.0,0.1444892707670051,0.014546754655259262,0.15818918386926967,0.06203229903760092,0.0687968836490807,0.08933185090290428,0.04728700044426753,0.1709162722563087,0.10273765935733511,0.1416728250610454
832,0.0,0.14426172747510577,0.014099235652924202,0.15967339591771196,0.05969597577257754,0.07121314730221806,0.08789132358086732,0.04737977605702143,0.17540265390797022,0.09066669746798325,0.14971606686569713
833,0.0,0.14348807634732633,0.014621993826442525,0.15989638739167733,0.06026493593001439,0.07087204950969693,0.08781516160824014,0.04733493397742146,0.1755825422273894,0.08832593215252936,0.15179798702933922
834,0.0,0.1433360263461786,0.01448997460134033,0.16072295675893045,0.05870410759874892,0.0724091131254864,0.0869060229727699,0.047686342006242464,0.17766954285615202,0.08249725910297573,0.15557865463125228
835,0.0,0.14212392020505796,0.015958554486329306,0.16008494201568327,0.06043454108223983,0.07095339400913543,0.08746787954669376,0.04765714072765727,0.1761256571501907,0.08435925126275949,0.1548347195143303
836,0.0,0.1411225843291044,0.01736413515130008,0.15934505468206484,0.06179348429263876,0.06979476977714201,0.08803441251497086,0.04770820842064442,0.17454805838834495,0.08693071172325836,0.1533585807206089
837,0.0,0.14079519783694325,0.01773319560770725,0.15941390224912982,0.06159123374678121,0.07000283531495602,0.08792767897658041,0.047938441266386606,0.17441072681689077,0.08677189630453444,0.1534148918801678
838,0.0,0.14049561235179658,0.01768576928808135,0.16060561629562545,0.05930660005602098,0.07210372306383223,0.08672216448892957,0.04907282375521069,0.17513972855017662,0.08377832655488668,0.15508963559551772
839,0.0,0.14018120970890183,0.01793068076158484,0.16114529780114545,0.058149056103917,0.07314519046363369,0.0860032874046133,0.050065466558744824,0.17472218727300973,0.0837789485630139,0.15487867536151353
840,0.0,0.13986476092730185,0.01822914428820818,0.16162311371651764,0.05706201171510066,0.07410240852474637,0.08524790658808448,0.05125959056759505,0.173820209852813,0.08482753845564388,0.1539633153640671
841,0.0,0.13891838010350857,0.020177055866130927,0.16010919450735733,0.05907155625463788,0.07214258880173331,0.0862153675764955,0.05175267035822613,0.1702973744882454,0.09359687906336066,0.14771893298038266
842,0.0,0.13725078121404444,0.023961266401058588,0.15671180205223648,0.06349993175012142,0.06792634984171926,0.0886351346499213,0.05214954791356356,0.16366007388778714,0.1107365728678697,0.13546853942175632
843,0.0,0.13652848201978787,0.02496923443687237,0.15684281657323096,0.06293010670986653,0.06830579887397689,0.08813202480346917,0.05431670681162357,0.15928513315929171,0.11958056860425224,0.12910912800770713
844,0.0,0.13589291864075387,0.026465388060470534,0.1556354493634661,0.06432993840220036,0.06693247658669677,0.08884685701873239,0.05507843579904834,0.15576929882083185,0.12813260519415526,0.12291663211372308
845,0.0,0.13557865946507783,0.027102712760378362,0.15531754767333453,0.06460407228496208,0.0666188573575712,0.08888867914365815,0.05592425360354733,0.15351349078929935,0.1330573568290462,0.11939437009320365
846,0.0,0.135290936644359,0.027101840704189053,0.15666054340377134,0.062387988262783044,0.06848674916463911,0.0868174584659639,0.05987229233022921,0.1478093469857121,0.14226424200095808,0.11330860203747384
847,0.0,0.13504923952581865,0.027748268773034414,0.15623567147904815,0.06277932973134316,0.06806367780527929,0.08676234591165582,0.06096996398088636,0.1451506026950506,0.1478428662548002,0.10939803384316216
848,0.0,0.13463486558432342,0.028853059806962556,0.15580111322815435,0.06291658954871697,0.06780533610208851,0.0858428256375196,0.06449145276056306,0.13809734848477773,0.16105186392065862,0.10050554492631415
849,0.0,0.13419410740842236,0.030591339171160234,0.15462184832162876,0.06385826209095141,0.06683613424596256,0.0846088572279838,0.06971696719234169,0.12741835092072906,0.1803329238630013,0.08782120955789821
850,0.0,0.13417208454592994,0.03107554592113582,0.15434081645097839,0.0638920619036104,0.06679615832695673,0.08353951217539346,0.07255037870809217,0.1224942115842428,0.18800573095593218,0.08313349942780753
851,0.0,0.13415901926895235,0.032187747120431945,0.15326785127243853,0.06474217794590519,0.06606626612986742,0.0821201235201239,0.0770556186509969,0.11423249895879757,0.20080526907680532,0.07536342805576059
852,0.0,0.13444880794848757,0.0332252075271433,0.15205690434438993,0.06547380542143792,0.06557528663093302,0.07960284169298293,0.08335678444537184,0.1037791036607286,0.2144959153221855,0.06798534300641924
853,0.0,0.13441709702862487,0.034461498131275844,0.15035010262496562,0.06746294813512474,0.06390906046116421,0.07969879587659386,0.08524298197276778,0.09952098908774511,0.22114953101628443,0.06378699566553346
854,0.0,0.13450789865967078,0.03502661672529987,0.14952297285484262,0.06830238384535896,0.06326582161439176,0.07924922682245004,0.08698003066649936,0.09641139941387439,0.22497336728500056,0.06176028211269167
855,0.0,0.13446641854237262,0.03678489691246612,0.1469889308623545,0.0713428678124316,0.06081484404676358,0.07973791121513343,0.0890610235240806,0.0915518297581457,0.23165553769389868,0.05759573963243336
856,0.0,0.1346120907720422,0.037284089769021665,0.14617601145888268,0.07216435288884655,0.06025124615502713,0.07921810617246793,0.09080480150345677,0.08864636185479483,0.23430247947755228,0.05654045994798836
857,0.0,0.13497002298940042,0.038235914529255004,0.1445179231450791,0.07382626508250062,0.05916835953706383,0.07810866147056662,0.09429899361461987,0.08303280570906796,0.23844337475792107,0.055397679164606
858,0.0,0.13515421001542352,0.03919591427028785,0.14290532315228574,0.07563589721368266,0.0579084389223075,0.07792453702247239,0.09622700560039923,0.07975977135450857,0.24021431348597472,0.05507458896273837
859,0.0,0.13595679542843048,0.0403835308676547,0.140387542901065,0.07806706603593809,0.05658704584448966,0.07599689340581332,0.1013923480188879,0.07238928733116506,0.24138037424296369,0.05745911592367315
860,0.0,0.13682127568987645,0.043703353592239785,0.13432309198759568,0.0849470387823365,0.05272088360566499,0.0772524134055144,0.10522862157571025,0.06840905705587998,0.2261577428803012,0.07043652142496176
861,0.0,0.1379919612720944,0.04359233733749819,0.13329735842308083,0.08547654682574071,0.05310678326778667,0.07435895556202796,0.10959467302285275,0.06348238262589505,0.22155841399355666,0.0775405876695479
862,0.0,0.1389673315984054,0.04381532610416114,0.13189534166385183,0.08652565114638844,0.053096472086290404,0.07282607472631808,0.11239376711435768,0.06104006764208939,0.21390774875599233,0.08553221916222652
863,0.0,0.1399256785652774,0.04386952181206116,0.1307584661151999,0.08719921223192166,0.05323289146137234,0.07105722969501164,0.11508743875836847,0.05843133673395743,0.20851742175832158,0.09192080286858967
864,0.0,0.14107937247452823,0.0440361801653396,0.1291863200132653,0.08825224258959385,0.05329714895299019,0.06960071191681223,0.11758566055193023,0.056705928285413335,0.19910139634579713,0.10115503870441128
865,0.0,0.14263372476874536,0.04420339708190828,0.1271694485923519,0.08934906344441865,0.05341958548390415,0.06705767985278505,0.121159656761472,0.05333730014052104,0.1913009320161583,0.1103692118578168
866,0.0,0.1447741558155833,0.044696294342283505,0.12396497862757344,0.09110140388308803,0.053328787536602806,0.06391688762968288,0.12544228367771848,0.049287636031934104,0.18160973370912115,0.12187783874649412
867,0.0,0.14951659709873077,0.047264294724383926,0.11471880345220756,0.096283736586317,0.05193656927097762,0.05823249183941643,0.13263249557562018,0.04199554961282226,0.1644292036933973,0.14299025814620864
868,0.0,0.15033094236648462,0.04747763387556453,0.11334674624948488,0.09711484387778327,0.05169723976731021,0.05806945957269487,0.13313657474259397,0.04199722386474738,0.15905631455391464,0.14777302112950347
869,0.0,0.1516500132706833,0.0481371126085936,0.11076534352891512,0.09862055128476371,0.05118204698045697,0.05754973046455473,0.13397409122123768,0.0415281496687526,0.15246920187552823,0.15412375909659595
870,0.0,0.15298134838192495,0.04883257862880112,0.10812305585406616,0.1001494960426926,0.05061972091141674,0.057222370730526585,0.13453479745584815,0.04126859843199985,0.1461625700207109,0.1601054635420949
871,0.0,0.15565206178934463,0.0483885276196383,0.10512339188042566,0.10164918621476426,0.050328318487743884,0.05859427053307822,0.1339670796446396,0.04370443090979795,0.12933924315138032,0.17325348976926916
872,0.0,0.1570572984219898,0.04902910445821008,0.10250918214507647,0.10306698181479403,0.049767483025321205,0.05879922374395787,0.13371079070667002,0.04401233775293904,0.1243312791395436,0.17771631879158
873,0.0,0.15846779480443723,0.04969372419423583,0.09986553268093823,0.10448901749777441,0.049159649295746934,0.05922446499035882,0.1331515649243414,0.04450000638987049,0.11989526098912465,0.18155298423325425
874,0.0,0.1600471574743309,0.04918794430202399,0.098460553207526,0.10495672762839006,0.04904078560936051,0.06056072010196853,0.1320255586972757,0.04617931723561468,0.11345885363920545,0.18608238210438655
875,0.0,0.16107934620145076,0.04919783342988404,0.09713982451990996,0.10552996906814989,0.04880000283259616,0.06132244374548926,0.13121303356363803,0.04703760362874153,0.11044242058633301,0.18823752242388983
876,0.0,0.1634521264790308,0.047872515013848246,0.09582618014559798,0.1055180595514563,0.04890563861211607,0.06379292348895821,0.12894356714931474,0.04995009005306215,0.10291206071790322,0.192826838788795
877,0.0,0.1663735525536447,0.04694769073277799,0.09342693119767762,0.10599344633168273,0.048711355292233166,0.0668031608118567,0.12559260797285016,0.05318086193530922,0.09755135521732863,0.195419037954722
878,0.0,0.17059834532250295,0.0456080205122112,0.09007254556499766,0.106498161985371,0.04836910504345022,0.07172577586950955,0.11971992711093629,0.05799158098096129,0.09469892092485525,0.19471761668528784
879,0.0,0.1724794547342547,0.04663530025898928,0.08656504902876558,0.10833817425110694,0.047305288296603604,0.07414238997935381,0.11600434407618944,0.059855487626327177,0.0978759957404959,0.190798516007997
880,0.0,0.17458219469499497,0.04844615677124544,0.08187650107317733,0.11097669090804323,0.045712335762934174,0.07746748619672368,0.11076023442133896,0.0622380561632849,0.10410200514816528,0.18383833886017562
881,0.0,0.17583170593987316,0.048138343966532736,0.08077687566854619,0.11122738366461339,0.04539630468692481,0.07935085235509018,0.10847755047147671,0.06363188756743919,0.10599475599046577,0.18117433968912156
882,0.0,0.17709637690474164,0.04780263271033242,0.07970045001901856,0.11145565604239009,0.045076098971000636,0.08129741410146256,0.10611165769205641,0.06504438723095028,0.10823162536033165,0.17818370096779954
883,0.0,0.18092547967389286,0.04665533327148791,0.0766591182421514,0.11200375291672142,0.04414208245427662,0.08743092534972935,0.0985405346885993,0.06941374396749354,0.11686448529056216,0.16736454414516963
884,0.0,0.18355611316978887,0.045749981042331675,0.0747318316462082,0.1122821410712931,0.04349109825000692,0.09175687697067574,0.09321187913018061,0.07233369721197234,0.1240753246108348,0.15881105689679215
885,0.0,0.1876842325774828,0.044941078567139366,0.07105224556406896,0.11335529183384438,0.0421067066306892,0.09919133544128103,0.08350593625271154,0.07720035650386417,0.1394076744292603,0.14155514219974288
886,0.0,0.19156073901351267,0.04174230632438442,0.07043527117943885,0.11200735340942308,0.04194262982481005,0.1045522865491215,0.07792587939393168,0.08037319734007191,0.14814674043918644,0.1313135965262042
887,0.0,0.19325847543284325,0.04474201755931631,0.06519688336736336,0.11588064845251803,0.039666685116659474,0.11032300348717565,0.06826561052653027,0.08407471260868069,0.1667297921421268,0.1118621713068711
888,0.0,0.19466121666447747,0.044027264691625864,0.06445608828433015,0.11594034887246046,0.03932590755554003,0.1125678450463057,0.0656026803411099,0.08529459679524339,0.17169839516087648,0.10642565658811538
889,0.0,0.1960285601679467,0.04480697760921893,0.062162959758551475,0.11744525049710944,0.038292951958659296,0.11594693929578723,0.06058467017410202,0.08719662613384221,0.1815287738109152,0.09600629059395246
890,0.0,0.19744357141582658,0.044014565204892324,0.06149402504739197,0.11750459721561766,0.037966011257841395,0.11808125737337909,0.058114672926792225,0.08826911054590492,0.18633803542195193,0.09077415359048709
891,0.0,0.20321014375397436,0.03859320513116763,0.061138382661326235,0.11551556756578507,0.03773775125925635,0.12470096086167333,0.05196827258064568,0.09127622921899088,0.19878338635753706,0.07707610060972854
892,0.0,0.20460416323247088,0.03777174486429996,0.06054047565079997,0.1155756751656884,0.03746739959786147,0.12659068528508596,0.04974635421672052,0.09215340922796256,0.2034361975421608,0.07211389521703468
893,0.0,0.207354782282066,0.0361077830243118,0.05940795972325664,0.1157234103756602,0.03697084672059854,0.13011052065045425,0.04562045557158266,0.09369438788286534,0.2122865330520372,0.06272332071725265
894,0.0,0.2087224243238112,0.035261762786555,0.05886008769596918,0.11581404787464941,0.03673506450819438,0.13174617580675582,0.04373996862790167,0.09434241000354436,0.21644420282136284,0.05833385555134148
895,0.0,0.21148850306454073,0.032943214270685306,0.058420599000369056,0.11520876197979792,0.03656923016682254,0.1345608919706774,0.041061671062840796,0.09530099704107751,0.22282003454408905,0.05162609689918531
896,0.0,0.21417998025829063,0.03069052436531316,0.05800521429860231,0.11461150857529202,0.0364414328873984,0.1371259658827486,0.03868839453069812,0.09604604285259592,0.22881201112626093,0.04539892522288559
897,0.0,0.2164955375603546,0.030220987360554275,0.05593789542605316,0.11673101843316774,0.035639424635350844,0.1391947262294009,0.03540686753241023,0.09633867588453364,0.23649306879686396,0.03754179814139649
898,0.0,0.21761417649931394,0.029974343911861576,0.054939933960134406,0.11785081056833645,0.035267080945354516,0.1398169497345597,0.034433256421154745,0.09608935221309096,0.23910234266280242,0.03491175308347713
899,0.0,0.219719995562433,0.029486363495174816,0.05304314704865614,0.12023421295833614,0.034600518401745176,0.14011633618955552,0.03387897536022357,0.09477696622530314,0.24172843598502833,0.032415048773630134
900,0.0,0.22072771909062666,0.029236499082693636,0.05212709042329926,0.12149250567405609,0.03429355114735836,0.13982136617003577,0.034320067394342804,0.09370402744753097,0.24172255229653547,0.03255462127360703
901,0.0,0.22320871852078836,0.02698171922193879,0.05177321497358966,0.12133212706262174,0.034261293890045216,0.1406545168872649,0.03451015938663362,0.0928056900312098,0.24329250133558622,0.031180058690407964
902,0.0,0.2253591426740343,0.025416237018187567,0.0509728582225731,0.12221421334367077,0.03408245092393862,0.14030663470675797,0.03585489656395739,0.09091409690549707,0.24273177117163106,0.03214769846983841
903,0.0,0.227365437571526,0.023947137122155862,0.050197429957016745,0.12321581088143566,0.03392885187263041,0.1394209194507778,0.03793841448661941,0.08856170331882311,0.24091007513885382,0.03451422020024746
904,0.0,0.2283140346443433,0.023251976491039345,0.04981686125924225,0.12375827222934513,0.033859236727233566,0.13878918062823054,0.03925180555655259,0.08721677586341343,0.239539576267825,0.03620228033286118
905,0.0,0.2292213882439602,0.022587006393621354,0.04944240479329619,0.12433071797835474,0.03379358565101449,0.13802738137746864,0.04074263499513419,0.08576141682652466,0.23787334747429556,0.03822011626641645
906,0.0,0.22988848139813833,0.022462629878060962,0.04861299819220658,0.12605540123547723,0.033532826964431356,0.1358747093851105,0.043768650225402994,0.08312493932971737,0.2333592691300486,0.04332009426149268
907,0.0,0.232594267966047,0.01980225186800873,0.048471243078981235,0.1257075500809735,0.033772273096129894,0.1351569190122676,0.046819156480403225,0.08009413915242208,0.231366106968993,0.04621609229586062
908,0.0,0.2332664720408459,0.019327140529318776,0.0481319274635779,0.12640984028840255,0.03371808827302181,0.1338302199131921,0.049041494277586924,0.07818090665787047,0.22852702727120872,0.04956688328506177
909,0.0,0.23388897545736975,0.01889227110816125,0.04779911577180441,0.12714013311336828,0.03366221127054968,0.13239076320068371,0.05141386206823781,0.07617658076364717,0.22545447422299097,0.05318161302327399
910,0.0,0.23497468512304273,0.018150138420898614,0.04715561024477152,0.1286918697268388,0.033538084928540914,0.12917143681907456,0.0565853543053461,0.0719132351846584,0.21866971383219855,0.061149871414716735
911,0.0,0.2369636415966296,0.016144380981511212,0.0474291186146146,0.12783963103954565,0.03414440749910711,0.12693138415915517,0.062100122546563,0.06697526174442746,0.21395948635722337,0.06751256546131006
912,0.0,0.23719059769695852,0.0160531632506487,0.04716932762166952,0.12869930656607487,0.03407913792815733,0.12491325012232417,0.06512438063525984,0.0645805780985394,0.20993729905390823,0.0722529590265467
913,0.0,0.23688578093977666,0.01737390717582798,0.04439142595278159,0.13751485095887303,0.03231948880268411,0.11049816441812413,0.08413377637983535,0.05090933680284564,0.18144551737089493,0.10452775119844408
914,0.0,0.23673286581886796,0.0178101390809356,0.04361608498904363,0.13997975911099755,0.03179107704830071,0.1061572675062647,0.09003862383087571,0.04679399007382567,0.17285047835073267,0.11422971419024339
915,0.0,0.23660482726501544,0.018102487091042545,0.043174812360010556,0.14193152760876362,0.031472877660381184,0.10136540635227198,0.0970465227779129,0.0417616559334287,0.16370250928900626,0.12483737366225464
916,0.0,0.23627539811766796,0.01868217944803415,0.04242549514277038,0.14443907230647876,0.03087165096678539,0.09689374112485288,0.1030332125534385,0.03778022660097342,0.1551728097364542,0.13442621400263224
917,0.0,0.23561363668668248,0.01963777321063166,0.04151708377506339,0.1479199035051301,0.030041062058943965,0.08997248049610164,0.11240141282259357,0.03163032852288738,0.14246571791741186,0.1488006010046422
918,0.0,0.2350678687333959,0.020124422271121645,0.041816949638667535,0.14824437495312576,0.030127986205668582,0.08717347478759219,0.11660408037143875,0.028638983552330258,0.1379165215276765,0.15428533795907096
919,0.0,0.23383345384884624,0.021218054384821307,0.042707124831943166,0.14776820069850824,0.030554140928928417,0.08399233113378518,0.12138208303545525,0.02515589553298089,0.13339460309490592,0.15999411250991383
920,0.0,0.2310410567720722,0.02399422959907345,0.04326469810462075,0.1495846097722217,0.030275830433181196,0.07641433869175457,0.130908548192146,0.019472931589585532,0.1224566187523075,0.1725871380931257
921,0.0,0.23002240645012412,0.025096904335482374,0.042763126734722275,0.152033000685192,0.0295096039488503,0.07212772540710025,0.135775928179498,0.017198115836430772,0.11597158163811756,0.17950160678457114
922,0.0,0.22598142432473164,0.029115364516933796,0.04324345991257509,0.15486690288381108,0.028750090012446078,0.0634299587501644,0.14489019555807464,0.013723217881577585,0.10527326183325322,0.19072612432652147
923,0.0,0.22470142646075522,0.03042477745203969,0.042868630016853454,0.15705811937752884,0.028030251524994387,0.059635326925237805,0.14850865535335156,0.012979042010378396,0.10051605559594187,0.19527771528300777
924,0.0,0.22244550467319,0.032658772223245446,0.04385998789105274,0.15645418541158695,0.028342578834277623,0.05759888277515426,0.14991721316642742,0.01310290433127882,0.09939526965749622,0.19622470103637957
925,0.0,0.21999510484947024,0.035111469466573224,0.04493039805165397,0.15570424134201846,0.028699711913723808,0.05568922896667873,0.15092988834908025,0.013675073833232843,0.09869292161966205,0.19657196160799564
926,0.0,0.21863308139166016,0.03646829593862184,0.045232505786462235,0.15606936488645,0.028617553621671718,0.0539512553049972,0.15200653318989027,0.014199580738541611,0.09741726131732807,0.19740456782446636
927,0.0,0.21578708724578746,0.039291385734491334,0.045910084646429476,0.15665593771444106,0.028512819165791247,0.05066798049998675,0.1536300009332505,0.015913710762702055,0.09544794112069181,0.19818305217651774
928,0.0,0.2141673014525479,0.04083612292115387,0.045772642953677056,0.15838983223361913,0.027992681702088504,0.047616743746251175,0.15526911320623396,0.017652979919162304,0.09302129922200902,0.19928128264334677
929,0.0,0.2112713074821757,0.043804043176587315,0.047085934296135654,0.1570768358363253,0.028563237166891606,0.046289833022804545,0.15463893466123352,0.020128667588499752,0.09394167703232377,0.19719952973711244
930,0.0,0.20909498745637797,0.045576237206705346,0.04553169907614378,0.16282480005719466,0.026962542611906094,0.03965225447818698,0.15743689742893036,0.026067161681745984,0.08881740626171246,0.19803601374118585
931,0.0,0.20608069358173367,0.04868549062416237,0.046982052727392434,0.1610971221397513,0.027756799080135442,0.03875866540156922,0.1555871528095211,0.029945932234263253,0.09079925105442042,0.19430684034714066
932,0.0,0.19808947376440705,0.05508068211956199,0.04488959925864679,0.16982186228764093,0.02805218691738514,0.027526249118025033,0.14881806662388555,0.0602672911152374,0.09312924029560006,0.1743253484996999
933,0.0,0.19621887738792315,0.05657359680263034,0.044568171939337264,0.17078576453596292,0.02893676242564323,0.025991659025700747,0.14499848897494708,0.06902441363643236,0.09604148235155062,0.16686078291996237
934,0.0,0.19319750257175827,0.05971044814204069,0.046257674209079176,0.1681088564376728,0.03043607209381873,0.02584298626312548,0.14079280200098238,0.07545262279247619,0.09946349505897728,0.16073754043015923
935,0.0,0.1901402422595363,0.0629319534271871,0.04795053826778638,0.16532458194939342,0.03198679661234123,0.025739419430662318,0.13652165403915842,0.08201589982789768,0.10289114514171621,0.1544977690444112
936,0.0,0.18854923032556767,0.06449657237584472,0.04858798222981074,0.16431128722922095,0.032881635510412593,0.02545764279626617,0.1339030527832974,0.0865833709407917,0.10489975432555061,0.15032947148332776
937,0.0,0.18696659000797253,0.06605328422300188,0.04922901357184185,0.1632633699752985,0.033808124574962926,0.02519697478951653,0.13125278984146627,0.09118594923457439,0.10690847242016949,0.14613543136128593
938,0.0,0.18530046976506032,0.06739734359110074,0.04948094160680521,0.16296324097925755,0.035050293618541055,0.024535494529362174,0.12753433396417752,0.09837394570150673,0.1096193253658952,0.13974461087838413
939,0.0,0.1834752716262296,0.06793049901982234,0.04861417189478587,0.16456204309880693,0.037560477486845815,0.02310651791613205,0.12005656957176672,0.1132585775002354,0.11533278306433319,0.1261030888211325
940,0.0,0.18197505998432328,0.06902676198674924,0.04891583190116842,0.16391562754892228,0.03913357780960401,0.022793796417208634,0.11592946231435941,0.12026773996168877,0.1185163477649175,0.11952579431114893
941,0.0,0.18050345728026854,0.06935531014612434,0.0485452090704167,0.16420419110776185,0.041822489787029724,0.022350710313964142,0.10904037128475137,0.13196591984902095,0.12428027344948821,0.10793206771126462
942,0.0,0.17786836591474847,0.07134823069886412,0.04958591580479237,0.1620362365799728,0.044787027381343526,0.022249530410546427,0.10222689599120806,0.14230513593250516,0.12949882111721522,0.09809384016889461
943,0.0,0.16838284732045722,0.07994768911923313,0.05511805278242661,0.15154224852300202,0.053422399696442864,0.0223016014042318,0.0859165650698968,0.16617996074934302,0.14031550418780367,0.07687313114725373
944,0.0,0.16739145230708904,0.0807740222166376,0.055709149707391235,0.15034757789689715,0.05444749711123085,0.022368232659764623,0.08420363909292801,0.16849237187794183,0.14150198912458248,0.07476406800562807
945,0.0,0.1666275526939151,0.0807879340053165,0.05604488283785454,0.14970241849825278,0.0560219795581625,0.022571634247968847,0.08155057804186741,0.17192010128304766,0.14374501279494034,0.0710279060387651
946,0.0,0.16363402545507783,0.08444927257578695,0.05815753255895596,0.1452696618704969,0.05760514820696457,0.02270852663335092,0.07959911702543913,0.1743293843169097,0.14441266640478612,0.06983466495232295
947,0.0,0.16308841772771712,0.0841689991884087,0.05846159454644589,0.14480154523568856,0.05897757529849664,0.023071446808204436,0.0775820888546877,0.1765176259190145,0.1462434483101991,0.06708725811122843
948,0.0,0.16236673546609023,0.08469437848310331,0.058965458988550684,0.1437862689874438,0.05974253408954445,0.023307668527748137,0.07664265497764779,0.17737696010216975,0.14697542967856977,0.06614191069922326
949,0.0,0.16169218408321537,0.08516792799654607,0.05945289398735923,0.14280512605843948,0.0604554279959323,0.023583713060629483,0.07582840694604917,0.17798261694437478,0.1476413963056684,0.065390306621877
950,0.0,0.16029503419926727,0.08521736562370552,0.06063423728240319,0.14073042608912695,0.06271183615383905,0.02507799189394884,0.07337774346393701,0.17851416429753614,0.15028083886296154,0.06316036213336614
951,0.0,0.15941258066980066,0.0856385769064232,0.061457070858590694,0.1391113527810186,0.06357456865176545,0.026151453481310816,0.07283691825085796,0.17717495617089268,0.15111999441184668,0.06352252781758491
952,0.0,0.15944894432086854,0.08461373864042916,0.061666320490192016,0.13903765313741231,0.06425873725870378,0.027296689138672087,0.07206189856506344,0.17585553888374997,0.15255700116974394,0.06320347839525646
953,0.0,0.15913772987601438,0.08467330259076158,0.062033629430260306,0.13832617751733509,0.06450682601257665,0.028021527392174204,0.072048278010325,0.17444166378884504,0.15289184710490727,0.06391901827689232
954,0.0,0.156274808127035,0.08956790363832964,0.06413864980490717,0.13216963948158747,0.06415273971223477,0.029772997277870278,0.0753367730316129,0.16767543128236587,0.14986178440238052,0.07104927324176803
955,0.0,0.15665025952296882,0.08817237354792007,0.06424758414475774,0.13237475544770536,0.06437125160442943,0.03154792505862434,0.07511701854439021,0.16460749706979333,0.15097833169083205,0.07193300336867044
956,0.0,0.15657644716569633,0.08784578445600771,0.06465556461496072,0.13130988051032183,0.06423478278321286,0.033900071024318724,0.07593460595393225,0.15941239313807856,0.15121771169812978,0.0749127586554331
957,0.0,0.1566564985099889,0.087386493324703,0.0649735566771361,0.13032546817011292,0.06391555954403555,0.03658424827166898,0.07685346693770691,0.15353763864793113,0.15143622595414802,0.0783308439626606
958,0.0,0.15630063025133548,0.08822356653404512,0.06531854669565264,0.12858482277943664,0.06341554077030678,0.03852709897960239,0.07841621577676575,0.1485054386061955,0.1505291675866584,0.08217897202009346
959,0.0,0.15529828261434547,0.09123427842698531,0.06576701038482757,0.12433767904067639,0.06233145817830603,0.04174776142282419,0.08229779105543315,0.1392683777902124,0.14754465410331616,0.09017270698316568
960,0.0,0.15615662074221695,0.0894445977485107,0.06565941825951618,0.12472518090041587,0.06197608496853613,0.04481220135393257,0.08208235462084901,0.1340998229609058,0.14867493060131387,0.09236878784389532
961,0.0,0.1559424985796728,0.09195181513216374,0.06541217012116873,0.12006044280165214,0.06059435378987786,0.05087440932762817,0.08617854356989356,0.12036756849604226,0.1456672215652466,0.10295097661674633
962,0.0,0.1561088820161696,0.09264293218409549,0.06510643776711644,0.11833248204326634,0.06010355550290243,0.05382201359028356,0.08749414753224961,0.11443645279861786,0.1447075341025035,0.10724556246288747
963,0.0,0.15634129927948767,0.09333515351100345,0.06469384278562831,0.11657333820725763,0.05968538367641178,0.05691109601876809,0.08866501574254991,0.1085018140610432,0.1437700380818714,0.11152301863607085
964,0.0,0.15748371876954828,0.09151549616053564,0.06434573232356076,0.11678623940903615,0.05930726008178126,0.06092403295619204,0.08767743720144121,0.10288470033923423,0.14504490444563975,0.11403047831312307
965,0.0,0.15796997412111982,0.0911409813944397,0.06403814764119492,0.11623342379303504,0.059101332849820325,0.06339136980677063,0.0875633006900851,0.099063372525789,0.14521357688901307,0.1162845202888249
966,0.0,0.15846979950100823,0.09077450329519124,0.06370232834267511,0.1156553585346866,0.05893353075804365,0.06590243839445094,0.0873570116088635,0.0952762993585481,0.14540935055081555,0.11851937965580957
967,0.0,0.1604509907320221,0.08756056901131906,0.06307031690940307,0.11641072020957319,0.05856884866231223,0.07188275446186942,0.08468824195303976,0.08796881610385468,0.14836650150937342,0.1210322404473258
968,0.0,0.1609697815151774,0.08721759658660783,0.06266600192879213,0.11575571130735647,0.05852713959132136,0.07447039918083256,0.08419439089433162,0.0843381933079237,0.148684927584962,0.12317585810278782
969,0.0,0.16385875069117564,0.08268516516883936,0.061607169047909784,0.11695630880553153,0.05829351701292375,0.08231686388665405,0.07968911692442428,0.07557921381403121,0.15373727521345185,0.1252766194351516
970,0.0,0.16489578791690968,0.08213492559417318,0.06061563832909209,0.11539444445276867,0.05867720004822615,0.08746634668239552,0.07798712632678728,0.0690437699173122,0.15466605394198,0.1291187067904482
971,0.0,0.1670731901499099,0.07921464770549336,0.05948809015350772,0.1156581421404507,0.05897551074434411,0.09343718932128249,0.07416643895659865,0.0628021419259823,0.15869099816431598,0.13049365073820818
972,0.0,0.16804874770398542,0.07886759490712124,0.058304624540000544,0.1138048073823763,0.06002002644166771,0.09827842549814175,0.07184840643057193,0.05729328008903566,0.15981999305837205,0.13371409394882078
973,0.0,0.1689907513772314,0.07865149291743527,0.057007883213839664,0.11178031557915846,0.06148502250554156,0.1028755418160358,0.0692492607327985,0.052371416707173025,0.1610080849888538,0.13658023016202595
974,0.0,0.16902566024525562,0.07978620723347259,0.05598337865387219,0.10917714669347856,0.06325430914177575,0.10563171233075165,0.06791899306918993,0.04925741899757921,0.1603548655784427,0.13961030805627536
975,0.0,0.16946584040722398,0.07978069734960583,0.05524715140359461,0.10803226594084983,0.0643508883679201,0.1076898927200111,0.06642663532882397,0.04726384128076025,0.16098234576549977,0.14076044143580427
976,0.0,0.17166740185034418,0.07885584308671043,0.052415870128755176,0.10463183720058263,0.06858976911147122,0.11460022231962748,0.06022353449249576,0.041289069554967854,0.16489739450244614,0.1428290577526929
977,0.0,0.1715515067700079,0.08026031171968105,0.0511566820167228,0.10167168855134272,0.07161030410829279,0.11639706021961937,0.05842621789111523,0.0396390494045039,0.16433063786295793,0.14495654145585019
978,0.0,0.16991204212123667,0.08562915643798787,0.04832839355441261,0.09358766844198664,0.07991054732503942,0.11824417141122148,0.055756941789100053,0.03771706051829946,0.16025194603806547,0.15066207236274404
979,0.0,0.17030277857478776,0.08590885488383429,0.047345941330114,0.0920830493438556,0.08213851374074439,0.11923245530183428,0.054020109059597414,0.037068662292837895,0.1610127707706865,0.1508868647018018
980,0.0,0.17160215230875722,0.08520944672644477,0.04586506535207154,0.09070868236221294,0.08499691301536115,0.12087766937281577,0.05095152774587067,0.03614014065942388,0.16372040921263895,0.14992799324449713
981,0.0,0.1719735880280247,0.08553219994975597,0.044844087281300425,0.08914936803020847,0.0874889323844998,0.1214687185598886,0.04931124771082592,0.03583349500194448,0.16452957490256123,0.1498687881510844
982,0.0,0.17327442858503211,0.08490038703841138,0.0432953392579597,0.0876999277057771,0.09066624022597533,0.12249104686044984,0.046515407891446744,0.035388084079107686,0.16731891567297283,0.14845022268296137
983,0.0,0.17362641922202915,0.0852565076469445,0.04224642402637605,0.08610105556315838,0.09340077182663196,0.1226653936403676,0.045027633289049185,0.03538945841255759,0.16817223023895678,0.14811410613402298
984,0.0,0.17224938652034893,0.08957027372978345,0.03950574787228768,0.07932313809468457,0.10304843484697757,0.12120352367796909,0.042556444554374934,0.036444299436057,0.16591268907799495,0.15018606218961628
985,0.0,0.1726308846786424,0.08995635389389241,0.038405276137528935,0.07768725343547947,0.10609641574439711,0.12084354776192179,0.041240558275015826,0.03675168459731221,0.16686639429669378,0.14952163117921044
986,0.0,0.17495053693499396,0.08852689871747496,0.036229309995255796,0.0761894852798886,0.11066499586639635,0.12035001776637977,0.038449914077888656,0.0372133387574016,0.1717519902853146,0.1456735123191005
987,0.0,0.17499430726665915,0.09217387733086858,0.03178758320656817,0.06801415492414699,0.12554835886590382,0.11533287718933896,0.03542542164030565,0.04002529221779529,0.1731126171526754,0.14358551020583266
988,0.0,0.17540832874540543,0.09250333792345614,0.03070295293098367,0.06645802275406612,0.1289081103954792,0.11388794103685046,0.03485300541944789,0.04073444771006945,0.17424238519034427,0.14230146789399203
989,0.0,0.1752718095248181,0.09400185047445674,0.029073269999376927,0.0633503638535246,0.1348714818807539,0.11121545467295735,0.03423569359942689,0.0420002922707656,0.17465338950316137,0.14132639422085347
990,0.0,0.17870378073462798,0.09296931795958599,0.02498811849941696,0.0592064196492309,0.14626185015531418,0.1038438935547608,0.03418018787168681,0.04474930160809196,0.18212278979342972,0.13297434017394966
991,0.0,0.181152072117419,0.09131328798911797,0.023141574919930977,0.05818069025628464,0.15073331684815555,0.099648571698591,0.03532382590044777,0.04611283572637967,0.18709217739392683,0.1273016471498418
992,0.0,0.18438271909835402,0.08978949826072262,0.019864441329581824,0.05499980676871045,0.16082384279972267,0.08983106318779399,0.039245424622220346,0.04887282666639726,0.19432306947301412,0.1178673077935779
993,0.0,0.18370156635574822,0.09172187758636922,0.018409284557072646,0.05127716060383533,0.16856787049853253,0.08434571710915999,0.04096557596385556,0.04992312330719181,0.1945874569573345,0.11650036706099559
994,0.0,0.18364937303072765,0.09256594707151758,0.01740501997161138,0.04909333836246855,0.1734662781736451,0.08032424132201242,0.0426397847722261,0.050551077603029265,0.19544344551620427,0.11486149417665334
995,0.0,0.1832468132638521,0.09409208336914505,0.016141490454589513,0.04601752051043742,0.18003618982727054,0.07510983071681435,0.04483160240110146,0.05112435283249634,0.19606074823840097,0.11333936838598804
996,0.0,0.18374858519730647,0.09392016572584352,0.01562675954532163,0.045277489866193434,0.1821465530498008,0.07253951778545356,0.04649327294967886,0.05132862709048588,0.19736808248563167,0.1115509463043801
997,0.0,0.1873331082018161,0.09111100619413223,0.014034896786351206,0.04369554735775974,0.18857727921859982,0.060105788713690225,0.05716061665851818,0.05163504922384059,0.20510542262437345,0.1012412850210144
998,0.0,0.18882003397401714,0.08961817404654586,0.013835114750521878,0.043354646219406594,0.1902990528560298,0.05459556122963268,0.06310726503215312,0.05126301749139841,0.20841840112948803,0.09668873327090254
999,0.0,0.1889077514003227,0.09012088664155404,0.013623700253663057,0.04142302181095754,0.19344108848066602,0.04972015359988746,0.06850356601525401,0.04959453185420957,0.20990005057618127,0.09476524936740052
1000,0.0,0.19049921422311808,0.08780083008359221,0.014537542698267696,0.04219249737769922,0.19184568556163262,0.044976622573310254,0.07645254738933688,0.04836857941227389,0.2131590272828835,0.09016745339798202
