time_step,avg_weight,std_weight,num_strings,kept_norm,total_norm
0,1.0,0.0,1,1.0,1.0
1,1.000438584955845,0.02094012400351503,16,1.0,1.0
2,1.0017534744920944,0.04185271645402426,39,1.0000000000000002,1.0000000000000002
3,1.0070001745190773,0.08348934637189136,43,0.9999999999999996,0.9999999999999999
4,1.0133114477924436,0.11490184195574457,53,0.9999999999999989,0.9999999999999991
5,1.0294489230075154,0.16988736702618468,61,0.9999999999999993,0.9999999999999994
6,1.0367028339578226,0.18920237884206553,63,1.0,1.0000000000000002
7,1.0447627988145436,0.2083997651782027,71,0.9999999999999996,0.9999999999999997
8,1.0836168032529887,0.2816072931109231,83,0.999999999999999,0.9999999999999994
9,1.095478105788805,0.2998046164793291,83,0.9999999999999988,0.9999999999999989
10,1.1298830951010839,0.3454469475669319,93,0.9999999999999981,0.9999999999999986
11,1.2008036736527115,0.4191483296415128,110,0.9999999999999976,0.9999999999999978
12,1.2365807156666506,0.4489955722392995,112,0.9999999999999974,0.9999999999999974
13,1.2538525117891357,0.4625898852495909,112,0.9999999999999967,0.9999999999999972
14,1.2877212239271572,0.48845204778968404,127,0.999999999999996,0.9999999999999962
15,1.30632709267432,0.5012257600840454,127,0.9999999999999959,0.9999999999999964
16,1.3670771817140106,0.536788419076284,135,0.9999999999999959,0.9999999999999964
17,1.3864786429555305,0.5478000419795334,135,0.9999999999999957,0.9999999999999957
18,1.4060988495299205,0.5585279485737119,135,0.9999999999999956,0.9999999999999958
19,1.4470982610525323,0.5784487925606749,145,0.9999999999999952,0.9999999999999957
20,1.4764648175576047,0.5935128643421277,155,0.9999999999999952,0.9999999999999953
21,1.5276448245983383,0.6155274745501121,161,0.9999999999999949,0.9999999999999949
22,1.5475015522623217,0.6244997674056147,161,0.9999999999999942,0.9999999999999943
23,1.60774630756194,0.6521904543499867,173,0.999999999999994,0.9999999999999943
24,1.637503800884472,0.6647432944716891,175,0.9999999999999946,0.9999999999999946
25,1.69707031573081,0.690959830952884,185,0.9999999999999948,0.999999999999995
26,1.7362648489397094,0.7085996028939063,187,0.9999999999999932,0.9999999999999932
27,1.8298978370589618,0.7515188183358634,191,0.9999999999999947,0.9999999999999947
28,1.8492301885949385,0.7608306396508888,191,0.9999999999999941,0.9999999999999941
29,1.8763996113838457,0.7747753087774875,191,0.9999999999999937,0.9999999999999937
30,1.8952240331333763,0.7845165317443829,191,0.9999999999999946,0.9999999999999946
31,1.9726145815204044,0.8254798370098462,199,0.999999999999994,0.999999999999994
32,2.0050295686345363,0.8468828502405573,199,0.9999999999999949,0.9999999999999949
33,2.065326716233572,0.8801421636552803,199,0.9999999999999937,0.9999999999999937
34,2.0895696119389275,0.8972911598582424,199,0.9999999999999943,0.9999999999999943
35,2.1067584916421236,0.9089760252134205,199,0.999999999999994,0.999999999999994
36,2.13040095687247,0.9270182799607244,199,0.9999999999999941,0.9999999999999941
37,2.147242209830159,0.9391189958295145,199,0.9999999999999943,0.9999999999999943
38,2.1703750777490773,0.9579475233171086,199,0.9999999999999938,0.9999999999999938
39,2.19710570381722,0.9761845083789906,199,0.9999999999999941,0.9999999999999941
40,2.2323191322603573,1.0097731233120026,199,0.9999999999999958,0.9999999999999959
41,2.3109493754184918,1.065739763658723,200,0.9999999999999947,0.9999999999999947
42,2.3270895309066923,1.0787255172217955,200,0.9999999999999939,0.9999999999999939
43,2.362438212577402,1.1135093272612766,200,0.9999999999999957,0.9999999999999957
44,2.3882015648168817,1.1321286249782234,200,0.999999999999994,0.999999999999994
45,2.4235329304716315,1.1566160032456447,200,0.999999999999995,0.999999999999995
46,2.519386018807732,1.225210089037883,200,0.9999999999999953,0.9999999999999953
47,2.5889020354740193,1.2766973877127816,200,0.9999999999999959,0.9999999999999959
48,2.6219957693796268,1.3024345648323508,200,0.9999999999999954,0.9999999999999954
49,2.662401198506748,1.3317497352774699,200,0.9999999999999954,0.9999999999999954
50,2.687114752697663,1.3489678085189543,200,0.9999999999999952,0.9999999999999952
51,2.7363138654233286,1.3856136325996375,200,0.9999999999999962,0.9999999999999962
52,2.760664822879493,1.4038372052829167,200,0.9999999999999952,0.9999999999999952
53,2.784833937810753,1.4219824696216632,200,0.999999999999996,0.999999999999996
54,2.819774406549319,1.4430551800771754,200,0.9999999999999971,0.9999999999999971
55,2.8460758367330885,1.4593200015632806,200,0.9999999999999968,0.9999999999999968
56,2.8630805122587426,1.4706268619411709,200,0.9999999999999963,0.9999999999999963
57,2.9168830255319373,1.5030437155891634,200,0.9999999999999962,0.9999999999999962
58,2.9542310694319576,1.5244209685852674,200,0.9999999999999967,0.9999999999999967
59,3.0124372151842462,1.556760216778513,200,0.9999999999999957,0.9999999999999957
60,3.047542608212776,1.5790906482680223,200,0.9999999999999967,0.9999999999999967
61,3.0753742559933817,1.5957654589543229,200,0.9999999999999967,0.9999999999999967
62,3.0928811139260013,1.6069768478865607,200,0.9999999999999958,0.9999999999999958
63,3.1309526506783434,1.6295029443292928,200,0.9999999999999969,0.9999999999999969
64,3.1657653406251076,1.6521525073359937,200,0.9999999999999966,0.9999999999999966
65,3.221504224866666,1.69235018220052,200,0.999999999999997,0.999999999999997
66,3.2696108432929485,1.7276443670524966,200,0.9999999999999957,0.9999999999999957
67,3.286664880045248,1.7393935560658915,200,0.9999999999999959,0.9999999999999959
68,3.320618243463119,1.7630613634934909,200,0.9999999999999969,0.9999999999999969
69,3.357620387243343,1.7868003021842356,200,0.999999999999997,0.999999999999997
70,3.3813223814380002,1.8048703369480006,200,0.9999999999999984,0.9999999999999984
71,3.404953229819146,1.8230859199906098,200,0.9999999999999967,0.9999999999999967
72,3.4519254145350025,1.8598824339089743,200,0.9999999999999978,0.9999999999999978
73,3.4782704840223855,1.8781515246071967,200,0.9999999999999971,0.9999999999999971
74,3.514072501532587,1.9029243423284214,200,0.9999999999999981,0.9999999999999981
75,3.5306042076923614,1.9153041418855639,200,0.9999999999999979,0.9999999999999979
76,3.5658842122540424,1.9407246147432642,200,0.999999999999998,0.999999999999998
77,3.591553754564332,1.9598578174312284,200,0.9999999999999973,0.9999999999999973
78,3.6511933302968402,2.0055115151540392,200,0.999999999999998,0.999999999999998
79,3.682420252779531,2.0289622602467072,200,0.9999999999999977,0.9999999999999977
80,3.6987619977095423,2.041393916204839,200,0.9999999999999986,0.9999999999999986
81,3.723751406010121,2.060739472454814,200,0.9999999999999983,0.9999999999999983
82,3.78786584395617,2.107369952550779,200,0.9999999999999982,0.9999999999999982
83,3.845393207750951,2.1493086219231987,200,0.9999999999999988,0.9999999999999988
84,3.919989694946774,2.200870951922648,200,0.9999999999999981,0.9999999999999981
85,3.94506267109542,2.218119353871855,200,0.9999999999999992,0.9999999999999992
86,3.9617243808120444,2.2296619446606867,200,0.999999999999999,0.999999999999999
87,3.9865320923469025,2.2471075142805876,200,0.9999999999999992,0.9999999999999992
88,4.029008612755193,2.2748785132948064,200,0.9999999999999996,0.9999999999999996
89,4.054266389833771,2.2915338454898477,200,0.9999999999999997,0.9999999999999997
90,4.070890324836597,2.302593324585838,200,0.9999999999999994,0.9999999999999994
91,4.096148069611379,2.319018903367981,200,0.9999999999999997,0.9999999999999997
92,4.112723659666865,2.329899459748896,200,0.9999999999999989,0.9999999999999989
93,4.172155392012408,2.3679266858092722,200,0.9999999999999993,0.9999999999999993
94,4.229433405928985,2.405026512908573,200,0.9999999999999989,0.9999999999999989
95,4.275906899558876,2.434300297893657,200,0.9999999999999996,0.9999999999999996
96,4.31691280257505,2.4601929500591857,200,0.9999999999999992,0.9999999999999992
97,4.347758922457373,2.479561052000752,200,0.999999999999999,0.999999999999999
98,4.363539474656502,2.489488242791274,200,0.9999999999999998,0.9999999999999998
99,4.394287207851856,2.5090925229410117,200,0.9999999999999996,0.9999999999999996
100,4.41806219386828,2.5238700412274837,200,0.9999999999999998,0.9999999999999998
101,4.441557779656111,2.538573183412468,200,1.0000000000000002,1.0000000000000002
102,4.456884639380527,2.5482260617705133,200,0.9999999999999996,0.9999999999999996
103,4.479936242518009,2.5627726833865205,200,1.0000000000000002,1.0000000000000002
104,4.4949817759498485,2.57226479180101,200,0.9999999999999992,0.9999999999999992
105,4.509933516061082,2.5817024320529396,200,1.0000000000000004,1.0000000000000004
106,4.539830243892771,2.6009509532195447,200,1.0,1.0
107,4.568565723380372,2.6187150789872886,200,1.0000000000000007,1.0000000000000007
108,4.604339369947162,2.641308656108047,200,1.0000000000000002,1.0000000000000002
109,4.632838896660519,2.6596932838705243,200,1.000000000000001,1.000000000000001
110,4.64697608304703,2.668580732658264,200,1.0000000000000007,1.0000000000000007
111,4.695861118809571,2.7003960663311557,200,1.0000000000000016,1.0000000000000016
112,4.716125314643518,2.7124946940052053,200,1.0000000000000018,1.0000000000000018
113,4.763939794419408,2.7451622405709,200,1.000000000000001,1.000000000000001
114,4.776954698857167,2.7530746391178416,200,1.0000000000000013,1.0000000000000013
115,4.796629161089759,2.7658392228923647,200,1.0000000000000007,1.0000000000000007
116,4.822799582051909,2.783468858643029,200,1.0000000000000018,1.0000000000000018
117,4.835198767348822,2.790748323008609,200,1.0000000000000013,1.0000000000000013
118,4.864228032632921,2.8046141106371976,200,1.0000000000000022,1.0000000000000022
119,4.88270570248874,2.8157606269666595,200,1.000000000000002,1.000000000000002
120,4.916826558849151,2.8327318640235335,200,1.000000000000002,1.000000000000002
121,4.933488916872868,2.8408590848974096,200,1.0000000000000022,1.0000000000000022
122,4.9949328829892465,2.870966434757996,200,1.0000000000000024,1.0000000000000024
123,5.0236200105612445,2.8857841263167505,200,1.000000000000002,1.000000000000002
124,5.068396276335736,2.908291051166912,200,1.000000000000002,1.000000000000002
125,5.078122620946567,2.911928974147986,200,1.0000000000000018,1.0000000000000018
126,5.087737462846715,2.915402269488119,200,1.0000000000000018,1.0000000000000018
127,5.1032836575185385,2.9221864049361286,200,1.0000000000000033,1.0000000000000033
128,5.121840260098551,2.928170478743203,200,1.0000000000000029,1.0000000000000029
129,5.134095982716803,2.93042298068807,200,1.0000000000000018,1.0000000000000018
130,5.14622350240865,2.932522306005546,200,1.0000000000000022,1.0000000000000022
131,5.166970034840207,2.936646649783095,200,1.0000000000000033,1.0000000000000033
132,5.175584444179954,2.938689501281149,200,1.0000000000000022,1.0000000000000022
133,5.2064130188731745,2.9509426893657547,200,1.000000000000002,1.000000000000002
134,5.214555347511141,2.9525354794747507,200,1.0000000000000033,1.0000000000000033
135,5.2226099685586505,2.954032630503316,200,1.000000000000003,1.000000000000003
136,5.236181625348164,2.9581340034471,200,1.000000000000003,1.000000000000003
137,5.246241044829406,2.95802060822155,200,1.0000000000000029,1.0000000000000029
138,5.269278141118315,2.9613073877836946,200,1.0000000000000033,1.0000000000000033
139,5.293849781244299,2.9627641752388216,200,1.0000000000000036,1.0000000000000036
140,5.317824242974021,2.960829257050686,200,1.000000000000004,1.000000000000004
141,5.3439458072715835,2.964411505315071,200,1.0000000000000033,1.0000000000000033
142,5.360477458336146,2.96819136295717,200,1.0000000000000033,1.0000000000000033
143,5.3674277868965925,2.968919115303059,200,1.0000000000000044,1.0000000000000044
144,5.381257352213215,2.9703686816270256,200,1.0000000000000038,1.0000000000000038
145,5.392896769632188,2.972759997363863,200,1.0000000000000047,1.0000000000000047
146,5.401841951121826,2.972637563963661,200,1.0000000000000049,1.0000000000000049
147,5.432808801140041,2.9826491489666056,200,1.0000000000000044,1.0000000000000044
148,5.439479655826987,2.9834202994232917,200,1.0000000000000042,1.0000000000000042
149,5.452795886472005,2.984951196597367,200,1.0000000000000058,1.0000000000000058
150,5.459441707270683,2.985736553941728,200,1.000000000000005,1.000000000000005
151,5.48082279564589,2.9930525331122353,200,1.0000000000000042,1.0000000000000042
152,5.492306945182783,2.9961668986472247,200,1.0000000000000042,1.0000000000000042
153,5.503835977147723,2.9927010876521947,200,1.0000000000000049,1.0000000000000049
154,5.510381563027792,2.9934357689772577,200,1.0000000000000058,1.0000000000000058
155,5.530869699060048,3.0000871552237927,200,1.0000000000000053,1.0000000000000053
156,5.543590784030138,3.0013260740210272,200,1.000000000000006,1.000000000000006
157,5.579051906766851,3.005265129196071,200,1.0000000000000056,1.0000000000000056
158,5.585123969458325,3.0056139878552415,200,1.0000000000000058,1.0000000000000058
159,5.591142968940835,3.0059062050053074,200,1.0000000000000056,1.0000000000000056
160,5.5990726754007145,3.0047983428554113,200,1.0000000000000058,1.0000000000000058
161,5.631206751810012,3.0056151374775575,200,1.0000000000000044,1.0000000000000044
162,5.648261853045019,3.0070988723183123,200,1.0000000000000049,1.0000000000000049
163,5.653262599348551,3.0066046355578786,200,1.0000000000000053,1.0000000000000053
164,5.658146235095648,3.00602415640703,200,1.000000000000005,1.000000000000005
165,5.6683142307618315,3.007199289156803,200,1.0000000000000053,1.0000000000000053
166,5.6751925350231245,3.0072766796330774,200,1.0000000000000064,1.0000000000000064
167,5.682916432998397,3.002684409378149,200,1.0000000000000064,1.0000000000000064
168,5.690640012861872,2.9981080114239833,200,1.0000000000000064,1.0000000000000064
169,5.700334352898616,2.992076665350212,200,1.0000000000000064,1.0000000000000064
170,5.707141413121099,2.9888998530150936,200,1.0000000000000064,1.0000000000000064
171,5.712279695896797,2.985719952619096,200,1.0000000000000075,1.0000000000000075
172,5.721882527416343,2.979183301796313,200,1.0000000000000069,1.0000000000000069
173,5.724386559719037,2.9771772951280453,200,1.0000000000000067,1.0000000000000067
174,5.727004058870047,2.974388245528429,200,1.0000000000000067,1.0000000000000067
175,5.729107748421413,2.971497670576284,200,1.000000000000007,1.000000000000007
176,5.73082335240809,2.969229166795458,200,1.0000000000000075,1.0000000000000075
177,5.7323652383164205,2.966907667853032,200,1.0000000000000078,1.0000000000000078
178,5.737021843443932,2.961513432950372,200,1.0000000000000084,1.0000000000000084
179,5.738126867736749,2.9590737538915546,200,1.0000000000000064,1.0000000000000064
180,5.740640934876923,2.9551864915377712,200,1.0000000000000067,1.0000000000000067
181,5.744452894061448,2.950082052093077,200,1.0000000000000073,1.0000000000000073
182,5.747935313503844,2.9452754495418314,200,1.0000000000000087,1.0000000000000087
183,5.7481643783995295,2.9427416912614723,200,1.000000000000008,1.000000000000008
184,5.748003022459599,2.935123684740724,200,1.0000000000000084,1.0000000000000084
185,5.747687575294606,2.932566826493939,200,1.0000000000000082,1.0000000000000082
186,5.7484947427115305,2.9290437900595827,200,1.0000000000000084,1.0000000000000084
187,5.747543112720177,2.920805733943751,200,1.0000000000000087,1.0000000000000087
188,5.7476982738027615,2.9176541068931137,200,1.0000000000000084,1.0000000000000084
189,5.742386086847678,2.912148029749835,200,1.000000000000009,1.000000000000009
190,5.734604717072929,2.905636577317054,200,1.0000000000000098,1.0000000000000098
191,5.73327339780763,2.9034307274882982,200,1.0000000000000095,1.0000000000000095
192,5.732747822593868,2.900486138266829,200,1.0000000000000089,1.0000000000000089
193,5.7313343339838285,2.898471723767903,200,1.0000000000000095,1.0000000000000095
194,5.727671784455302,2.8953532780330504,200,1.0000000000000102,1.0000000000000102
195,5.726221215030089,2.893526774246065,200,1.0000000000000098,1.0000000000000098
196,5.728974988727913,2.889688797311142,200,1.0000000000000102,1.0000000000000102
197,5.727439278477849,2.8884170207407367,200,1.0000000000000095,1.0000000000000095
198,5.717604850736824,2.8832240186713207,200,1.0000000000000093,1.0000000000000093
199,5.714802463082679,2.8814770928042197,200,1.0000000000000095,1.0000000000000095
200,5.7144049001877075,2.8810561722072308,200,1.0000000000000095,1.0000000000000095
201,5.71122250098153,2.8799150521495585,200,1.0000000000000102,1.0000000000000102
202,5.707296979849193,2.8792934726609367,200,1.00000000000001,1.00000000000001
203,5.704463374509126,2.8788885857765747,200,1.0000000000000107,1.0000000000000107
204,5.700791119776032,2.8796491982602093,200,1.0000000000000107,1.0000000000000107
205,5.699650085564747,2.881602782483219,200,1.0000000000000113,1.0000000000000113
206,5.69831621552321,2.8822438101858645,200,1.0000000000000115,1.0000000000000115
207,5.694412804615309,2.8836970042241536,200,1.0000000000000115,1.0000000000000115
208,5.691614400847745,2.8855961292527454,200,1.0000000000000118,1.0000000000000118
209,5.690144864503638,2.8866448957408117,200,1.0000000000000115,1.0000000000000115
210,5.687043967636449,2.8889154578673693,200,1.0000000000000113,1.0000000000000113
211,5.683432748395985,2.890471995468266,200,1.0000000000000115,1.0000000000000115
212,5.681719989479682,2.891766188139385,200,1.000000000000012,1.000000000000012
213,5.678965822560178,2.894195173985241,200,1.000000000000011,1.000000000000011
214,5.671594584638127,2.897820950221585,200,1.0000000000000122,1.0000000000000122
215,5.663175968900654,2.9030639355557186,200,1.0000000000000122,1.0000000000000122
216,5.660375263207165,2.904406691474562,200,1.0000000000000115,1.0000000000000115
217,5.6553979514370365,2.906717477863685,200,1.0000000000000124,1.0000000000000124
218,5.651028834707542,2.9082358014375016,200,1.0000000000000122,1.0000000000000122
219,5.645245593143169,2.910039996916229,200,1.0000000000000129,1.0000000000000129
220,5.641557035019918,2.9111404163232524,200,1.000000000000013,1.000000000000013
221,5.6325928538868,2.913661629839044,200,1.0000000000000127,1.0000000000000127
222,5.628371392574622,2.9145209086022645,200,1.0000000000000124,1.0000000000000124
223,5.623962949639096,2.915298865101185,200,1.0000000000000129,1.0000000000000129
224,5.609270721084874,2.9169462835689925,200,1.0000000000000129,1.0000000000000129
225,5.594971304020602,2.917988721719909,200,1.0000000000000135,1.0000000000000135
226,5.585432721105955,2.9183846934713857,200,1.0000000000000124,1.0000000000000124
227,5.579519323209309,2.9184574953184144,200,1.0000000000000133,1.0000000000000133
228,5.571408633084645,2.9183328477094412,200,1.0000000000000129,1.0000000000000129
229,5.563050201840359,2.9180913363579415,200,1.0000000000000135,1.0000000000000135
230,5.541088903916391,2.916957942554746,200,1.000000000000013,1.000000000000013
231,5.525102129936421,2.916148543956374,200,1.0000000000000135,1.0000000000000135
232,5.513477555676431,2.914729717638505,200,1.0000000000000124,1.0000000000000124
233,5.475602723755936,2.9096804213379714,200,1.0000000000000127,1.0000000000000127
234,5.451925322019655,2.906665686253242,200,1.0000000000000133,1.0000000000000133
235,5.43596374542921,2.90472463596221,200,1.000000000000013,1.000000000000013
236,5.424707029146891,2.903470538902642,200,1.0000000000000133,1.0000000000000133
237,5.413753985629155,2.902372791292121,200,1.0000000000000135,1.0000000000000135
238,5.389055790967639,2.901607955806942,200,1.000000000000014,1.000000000000014
239,5.37928359723611,2.9009821536129725,200,1.0000000000000138,1.0000000000000138
240,5.371152898529844,2.9012677774001725,200,1.0000000000000147,1.0000000000000147
241,5.363409262180081,2.9018550591024264,200,1.000000000000014,1.000000000000014
242,5.354972364875477,2.9020547126148157,200,1.000000000000014,1.000000000000014
243,5.345139830704567,2.9033683227313567,200,1.0000000000000147,1.0000000000000147
244,5.333704522267912,2.905670016560089,200,1.0000000000000147,1.0000000000000147
245,5.325474632890342,2.9080781173686336,200,1.000000000000015,1.000000000000015
246,5.321943026066613,2.9098427251702357,200,1.0000000000000147,1.0000000000000147
247,5.315521153839701,2.913569487069764,200,1.0000000000000162,1.0000000000000162
248,5.312712855112836,2.9159385302885643,200,1.000000000000016,1.000000000000016
249,5.306539789203833,2.9228062299476507,200,1.0000000000000158,1.0000000000000158
250,5.303150257270843,2.9286700104821866,200,1.0000000000000155,1.0000000000000155
251,5.300922434334762,2.935372522677535,200,1.0000000000000164,1.0000000000000164
252,5.29957725354865,2.951006037340127,200,1.0000000000000155,1.0000000000000155
253,5.298415542105079,2.9574980396562114,200,1.0000000000000167,1.0000000000000167
254,5.2982703325325335,2.961900742095709,200,1.0000000000000167,1.0000000000000167
255,5.299023164763718,2.9686688449123553,200,1.0000000000000162,1.0000000000000162
256,5.299857924687792,2.982616866468398,200,1.0000000000000167,1.0000000000000167
257,5.29934012305015,2.9917796953433826,200,1.0000000000000169,1.0000000000000169
258,5.299149822010275,3.0006473883833458,200,1.000000000000018,1.000000000000018
259,5.299962798235542,3.005138642809207,200,1.0000000000000175,1.0000000000000175
260,5.300816546931163,3.009583231847586,200,1.000000000000018,1.000000000000018
261,5.30062834040654,3.0194653828902203,200,1.0000000000000175,1.0000000000000175
262,5.300943262737997,3.026692486157864,200,1.0000000000000182,1.0000000000000182
263,5.302512108922663,3.0354356224546843,200,1.000000000000018,1.000000000000018
264,5.303427134178854,3.0388585941651125,200,1.000000000000018,1.000000000000018
265,5.302466957101971,3.0461400834966734,200,1.0000000000000175,1.0000000000000175
266,5.302825997035968,3.049040186600288,200,1.0000000000000195,1.0000000000000195
267,5.3045118056880485,3.0531391271297657,200,1.0000000000000187,1.0000000000000187
268,5.304026902462407,3.055074989952212,200,1.0000000000000187,1.0000000000000187
269,5.305234602455213,3.0582610198841573,200,1.0000000000000187,1.0000000000000187
270,5.306830830422431,3.0625943195185896,200,1.0000000000000182,1.0000000000000182
271,5.307809246543217,3.066249139769355,200,1.00000000000002,1.00000000000002
272,5.306577883699304,3.0684864520764723,200,1.000000000000019,1.000000000000019
273,5.30379000902421,3.0682773114776887,200,1.0000000000000198,1.0000000000000198
274,5.300199496270871,3.0648384460408717,200,1.0000000000000198,1.0000000000000198
275,5.297664778129189,3.061672317200765,200,1.0000000000000202,1.0000000000000202
276,5.2917384871338164,3.054145919007483,200,1.0000000000000202,1.0000000000000202
277,5.28771898889277,3.0496284045966977,200,1.00000000000002,1.00000000000002
278,5.285880575706838,3.04711226029009,200,1.0000000000000207,1.0000000000000207
279,5.282769606899748,3.041910869819212,200,1.000000000000021,1.000000000000021
280,5.277772308153406,3.033484155486236,200,1.000000000000021,1.000000000000021
281,5.268872477820247,3.01264974920911,200,1.0000000000000213,1.0000000000000213
282,5.266221112726273,3.0090597949971505,200,1.0000000000000207,1.0000000000000207
283,5.262285904600789,3.0044665192157924,200,1.0000000000000215,1.0000000000000215
284,5.2585482118685505,2.995267756391076,200,1.0000000000000222,1.0000000000000222
285,5.256081671966706,2.989011178764556,200,1.000000000000022,1.000000000000022
286,5.2537930276532485,2.980672579231294,200,1.0000000000000215,1.0000000000000215
287,5.252420998856981,2.977127024231055,200,1.0000000000000218,1.0000000000000218
288,5.251083882239124,2.9730570117256216,200,1.000000000000022,1.000000000000022
289,5.250664566797633,2.97045612594348,200,1.0000000000000218,1.0000000000000218
290,5.250262889242967,2.96744160873323,200,1.0000000000000224,1.0000000000000224
291,5.250140588271388,2.959676830485828,200,1.000000000000023,1.000000000000023
292,5.2511277977112165,2.952469775444685,200,1.000000000000022,1.000000000000022
293,5.252252623623833,2.9505696858861903,200,1.0000000000000229,1.0000000000000229
294,5.253085382103166,2.9489870539404364,200,1.0000000000000226,1.0000000000000226
295,5.2546178336991805,2.9472763187509115,200,1.0000000000000229,1.0000000000000229
296,5.2557243713918,2.9459125510844,200,1.000000000000023,1.000000000000023
297,5.262646611365926,2.9410910622878084,200,1.0000000000000238,1.0000000000000238
298,5.26425341245906,2.940093750408332,200,1.0000000000000233,1.0000000000000233
299,5.265946788702828,2.939164858229471,200,1.0000000000000233,1.0000000000000233
300,5.2742094433808,2.9365610245275144,200,1.0000000000000229,1.0000000000000229
301,5.276324763411521,2.935964068632753,200,1.000000000000023,1.000000000000023
302,5.28234960411775,2.9355135043875915,200,1.000000000000023,1.000000000000023
303,5.285951429967024,2.9345262723146432,200,1.0000000000000229,1.0000000000000229
304,5.293741876365664,2.93332747355777,200,1.000000000000023,1.000000000000023
305,5.2960120523693694,2.9328103576519364,200,1.000000000000024,1.000000000000024
306,5.299189731240401,2.9325071886752836,200,1.0000000000000244,1.0000000000000244
307,5.30229334218831,2.932175506690798,200,1.000000000000024,1.000000000000024
308,5.305667080229236,2.9305867019475236,200,1.0000000000000233,1.0000000000000233
309,5.308574868742837,2.9301324885996594,200,1.000000000000024,1.000000000000024
310,5.314551398082184,2.926034518459295,200,1.0000000000000244,1.0000000000000244
311,5.316305816976417,2.925009909929272,200,1.0000000000000244,1.0000000000000244
312,5.320970343782791,2.9233542559877677,200,1.0000000000000253,1.0000000000000253
313,5.325652189641202,2.913844091245755,200,1.0000000000000244,1.0000000000000244
314,5.32843340343465,2.9131102367601573,200,1.0000000000000249,1.0000000000000249
315,5.330348201306907,2.911976676344461,200,1.000000000000025,1.000000000000025
316,5.33205470547284,2.9066332494633143,200,1.0000000000000246,1.0000000000000246
317,5.332715351700684,2.90286337796025,200,1.0000000000000244,1.0000000000000244
318,5.333159463554024,2.901063565404519,200,1.0000000000000244,1.0000000000000244
319,5.333533969976532,2.899251843490563,200,1.0000000000000249,1.0000000000000249
320,5.333842844613798,2.8974348169199353,200,1.000000000000025,1.000000000000025
321,5.334090418534893,2.8956193611305983,200,1.0000000000000249,1.0000000000000249
322,5.33428136212379,2.893812593456032,200,1.000000000000025,1.000000000000025
323,5.333429151540061,2.8843177782753213,200,1.0000000000000253,1.0000000000000253
324,5.333380230960398,2.882678362273031,200,1.0000000000000253,1.0000000000000253
325,5.3337221930838234,2.8814429333736964,200,1.0000000000000255,1.0000000000000255
326,5.333645300213988,2.8799446580905426,200,1.0000000000000255,1.0000000000000255
327,5.333000466065805,2.876739556457113,200,1.0000000000000264,1.0000000000000264
328,5.331536908412588,2.871098269369862,200,1.000000000000025,1.000000000000025
329,5.332006199043856,2.8707513829238778,200,1.0000000000000253,1.0000000000000253
330,5.332656676617937,2.870047230211273,200,1.0000000000000253,1.0000000000000253
331,5.3343200345031825,2.8712471881398387,200,1.0000000000000262,1.0000000000000262
332,5.334892346507742,2.870926816820723,200,1.0000000000000266,1.0000000000000266
333,5.337344206807574,2.8731558348816875,200,1.0000000000000266,1.0000000000000266
334,5.337439253572558,2.8727669375614457,200,1.0000000000000264,1.0000000000000264
335,5.33686103682712,2.8720028676311635,200,1.0000000000000266,1.0000000000000266
336,5.337117565363883,2.8728224595555183,200,1.0000000000000275,1.0000000000000275
337,5.339472890354179,2.876016919501637,200,1.0000000000000269,1.0000000000000269
338,5.342597522830766,2.8853928742610977,200,1.000000000000027,1.000000000000027
339,5.348252610295998,2.892595170435985,200,1.0000000000000273,1.0000000000000273
340,5.351006724679271,2.8971605789898187,200,1.0000000000000278,1.0000000000000278
341,5.354063937133825,2.9021133250589863,200,1.0000000000000278,1.0000000000000278
342,5.361692775319768,2.9122263589515476,200,1.0000000000000282,1.0000000000000282
343,5.365580842327919,2.9180161195191126,200,1.0000000000000284,1.0000000000000284
344,5.371111400662885,2.9248445059562207,200,1.0000000000000286,1.0000000000000286
345,5.374521022851887,2.9292679116370555,200,1.0000000000000284,1.0000000000000284
346,5.385608767537478,2.941763753280553,200,1.0000000000000278,1.0000000000000278
347,5.392115886017876,2.949162316665731,200,1.0000000000000284,1.0000000000000284
348,5.400432749238951,2.9604123814714836,200,1.000000000000029,1.000000000000029
349,5.414598451195932,2.9759920188584617,200,1.0000000000000286,1.0000000000000286
350,5.41912313554659,2.9810789026950446,200,1.0000000000000289,1.0000000000000289
351,5.42550043641382,2.9885598418712527,200,1.00000000000003,1.00000000000003
352,5.439696777380199,3.0040712561222045,200,1.0000000000000293,1.0000000000000293
353,5.460325921245657,3.0268903039001684,200,1.0000000000000298,1.0000000000000298
354,5.465275449712807,3.032020570055187,200,1.0000000000000295,1.0000000000000295
355,5.474460257536783,3.0419430202373285,200,1.00000000000003,1.00000000000003
356,5.484279598011918,3.0519366052008525,200,1.00000000000003,1.00000000000003
357,5.498169929596756,3.0663201717698927,200,1.0000000000000309,1.0000000000000309
358,5.512700117218065,3.0805014608783616,200,1.0000000000000302,1.0000000000000302
359,5.523242741449232,3.091584747150528,200,1.00000000000003,1.00000000000003
360,5.538181849240768,3.106525330294625,200,1.000000000000031,1.000000000000031
361,5.544298826955658,3.112666347014598,200,1.0000000000000309,1.0000000000000309
362,5.551789424819384,3.1205829481586904,200,1.0000000000000318,1.0000000000000318
363,5.556901435697007,3.126358812770962,200,1.000000000000031,1.000000000000031
364,5.563076940473968,3.1337836653345335,200,1.000000000000031,1.000000000000031
365,5.570641613771402,3.142459077878,200,1.000000000000032,1.000000000000032
366,5.577191967385622,3.150647237844809,200,1.0000000000000313,1.0000000000000313
367,5.5803235296287745,3.155508782483729,200,1.000000000000031,1.000000000000031
368,5.584316369426668,3.1633197841217964,200,1.0000000000000306,1.0000000000000306
369,5.591598954440627,3.176107684887346,200,1.0000000000000313,1.0000000000000313
370,5.592156694611929,3.182951112773574,200,1.000000000000032,1.000000000000032
371,5.591776557581799,3.1880098201612777,200,1.0000000000000322,1.0000000000000322
372,5.591831195453759,3.19294056946868,200,1.0000000000000318,1.0000000000000318
373,5.58934469106223,3.199110241305473,200,1.0000000000000324,1.0000000000000324
374,5.584697590269206,3.206515212622288,200,1.0000000000000326,1.0000000000000326
375,5.576577593759804,3.2134214927717166,200,1.0000000000000326,1.0000000000000326
376,5.573023014108373,3.215891887638325,200,1.0000000000000326,1.0000000000000326
377,5.570166895635412,3.2175656781296564,200,1.0000000000000329,1.0000000000000329
378,5.561962501768369,3.221599328503581,200,1.0000000000000333,1.0000000000000333
379,5.554196936058835,3.225255838732142,200,1.000000000000033,1.000000000000033
380,5.548413414636636,3.228125751146772,200,1.0000000000000335,1.0000000000000335
381,5.536537432348357,3.231253307386787,200,1.000000000000033,1.000000000000033
382,5.529137097859308,3.2346026545100663,200,1.000000000000033,1.000000000000033
383,5.522032927079721,3.236164773590303,200,1.0000000000000335,1.0000000000000335
384,5.514669070755117,3.239631766686325,200,1.0000000000000338,1.0000000000000338
385,5.508570219649691,3.2424536718650483,200,1.0000000000000335,1.0000000000000335
386,5.5035094532292606,3.244430129351278,200,1.000000000000034,1.000000000000034
387,5.491667459393533,3.246447051559407,200,1.0000000000000349,1.0000000000000349
388,5.484038237771295,3.247286248998876,200,1.0000000000000342,1.0000000000000342
389,5.4758303719270085,3.2489735831383832,200,1.0000000000000346,1.0000000000000346
390,5.468404735200896,3.249525670386617,200,1.0000000000000355,1.0000000000000355
391,5.464470894112668,3.2502648444102933,200,1.0000000000000344,1.0000000000000344
392,5.459531770505947,3.2543603041806874,200,1.0000000000000355,1.0000000000000355
393,5.455807648982022,3.258876988140014,200,1.0000000000000349,1.0000000000000349
394,5.452490957054213,3.2596406013723893,200,1.0000000000000346,1.0000000000000346
395,5.449575730383533,3.261765300337909,200,1.0000000000000353,1.0000000000000353
396,5.443262881152627,3.261832054385937,200,1.000000000000036,1.000000000000036
397,5.434208898288608,3.2610188846728243,200,1.000000000000036,1.000000000000036
398,5.429311926984193,3.2623603410855595,200,1.0000000000000357,1.0000000000000357
399,5.425067564870591,3.263700492479365,200,1.0000000000000355,1.0000000000000355
400,5.4206688167214,3.2633821696858605,200,1.000000000000036,1.000000000000036
401,5.420952564982097,3.2700619776158795,200,1.0000000000000355,1.0000000000000355
402,5.422827760393908,3.2745640733758243,200,1.0000000000000362,1.0000000000000362
403,5.425564972603907,3.279251703169804,200,1.0000000000000357,1.0000000000000357
404,5.42344553226627,3.278872368433809,200,1.000000000000036,1.000000000000036
405,5.4235063668904235,3.2796815020339487,200,1.0000000000000357,1.0000000000000357
406,5.428275694955602,3.285573943642023,200,1.0000000000000362,1.0000000000000362
407,5.429043597435281,3.2864325078669605,200,1.000000000000036,1.000000000000036
408,5.432245516429053,3.2894724046782806,200,1.0000000000000362,1.0000000000000362
409,5.431507604560862,3.2876657829034475,200,1.0000000000000364,1.0000000000000364
410,5.432396531562014,3.2871370657500036,200,1.0000000000000355,1.0000000000000355
411,5.433474415360614,3.2851218701725498,200,1.0000000000000369,1.0000000000000369
412,5.435745193054186,3.2815256821209466,200,1.0000000000000362,1.0000000000000362
413,5.438316194666031,3.282395866820463,200,1.0000000000000369,1.0000000000000369
414,5.465963702837707,3.3057207502413815,200,1.000000000000037,1.000000000000037
415,5.469106981954493,3.306628831070454,200,1.0000000000000369,1.0000000000000369
416,5.473111629474385,3.3060572462313966,200,1.0000000000000369,1.0000000000000369
417,5.476435216205565,3.3069218842083212,200,1.0000000000000375,1.0000000000000375
418,5.479803033802436,3.3077702685781487,200,1.0000000000000366,1.0000000000000366
419,5.4878569009905,3.313170634096133,200,1.0000000000000377,1.0000000000000377
420,5.4912335913244625,3.3139767586328213,200,1.000000000000038,1.000000000000038
421,5.497082570053667,3.311794439870072,200,1.000000000000037,1.000000000000037
422,5.506619396831827,3.3190000444386385,200,1.0000000000000377,1.0000000000000377
423,5.514882299879037,3.322352903903195,200,1.0000000000000386,1.0000000000000386
424,5.521204118029747,3.3269114533396795,200,1.000000000000038,1.000000000000038
425,5.526849318046578,3.331237768269221,200,1.0000000000000386,1.0000000000000386
426,5.5322887074475435,3.329125796408594,200,1.000000000000039,1.000000000000039
427,5.538645285867105,3.328532245314868,200,1.0000000000000389,1.0000000000000389
428,5.541773664636374,3.3305007435543508,200,1.0000000000000395,1.0000000000000395
429,5.551500686949174,3.322564619609995,200,1.0000000000000389,1.0000000000000389
430,5.558528569180659,3.315481471479566,200,1.0000000000000386,1.0000000000000386
431,5.560854138501098,3.3150344326331105,200,1.0000000000000386,1.0000000000000386
432,5.562412162160065,3.3154006586308125,200,1.0000000000000397,1.0000000000000397
433,5.562832323333197,3.315057761254428,200,1.0000000000000395,1.0000000000000395
434,5.563139349230916,3.3141765162429193,200,1.0000000000000393,1.0000000000000393
435,5.563376903399542,3.311273353314509,200,1.0000000000000395,1.0000000000000395
436,5.561585013935873,3.3104055561464185,200,1.0000000000000397,1.0000000000000397
437,5.560653217530497,3.309725085337244,200,1.0000000000000395,1.0000000000000395
438,5.558291285174543,3.308158775599499,200,1.00000000000004,1.00000000000004
439,5.556844552565199,3.3073533609449193,200,1.0000000000000402,1.0000000000000402
440,5.55523396105162,3.306507004343535,200,1.0000000000000406,1.0000000000000406
441,5.553463987349145,3.3056201535797385,200,1.0000000000000404,1.0000000000000404
442,5.54782854361927,3.3011006149373134,200,1.0000000000000404,1.0000000000000404
443,5.540178387264971,3.2982619819943313,200,1.00000000000004,1.00000000000004
444,5.533158871349749,3.2951828128008454,200,1.0000000000000409,1.0000000000000409
445,5.522447285680641,3.2903070629808493,200,1.0000000000000413,1.0000000000000413
446,5.5191515636609925,3.289022408606283,200,1.0000000000000409,1.0000000000000409
447,5.512743376599458,3.285607227195346,200,1.0000000000000409,1.0000000000000409
448,5.50580595675596,3.2829051068194595,200,1.0000000000000424,1.0000000000000424
449,5.495210525737429,3.2785402380876825,200,1.0000000000000417,1.0000000000000417
450,5.480612282619111,3.276786710919382,200,1.0000000000000422,1.0000000000000422
451,5.475719877949737,3.2734051794333348,200,1.0000000000000415,1.0000000000000415
452,5.47093171615009,3.2699703306229173,200,1.0000000000000424,1.0000000000000424
453,5.456313552678102,3.2685768105188737,200,1.0000000000000426,1.0000000000000426
454,5.453020074167953,3.2666358650718847,200,1.0000000000000415,1.0000000000000415
455,5.445902157117309,3.2562786983207372,200,1.0000000000000417,1.0000000000000417
456,5.439931049199931,3.252517354590846,200,1.0000000000000409,1.0000000000000409
457,5.435707323165171,3.2461973480551505,200,1.000000000000042,1.000000000000042
458,5.429916006774105,3.2401971901073416,200,1.0000000000000424,1.0000000000000424
459,5.427055310296071,3.236071983872132,200,1.0000000000000429,1.0000000000000429
460,5.424438113561353,3.2319440849419885,200,1.0000000000000435,1.0000000000000435
461,5.4222593041146165,3.230157678221813,200,1.0000000000000429,1.0000000000000429
462,5.419929359105288,3.223640833004533,200,1.0000000000000426,1.0000000000000426
463,5.412911563255943,3.221047460432468,200,1.0000000000000429,1.0000000000000429
464,5.409889067364144,3.2196721727933744,200,1.0000000000000437,1.0000000000000437
465,5.403797160270209,3.21700826937024,200,1.0000000000000429,1.0000000000000429
466,5.402052321776174,3.207412252641333,200,1.0000000000000424,1.0000000000000424
467,5.401471057761372,3.202686673792046,200,1.000000000000043,1.000000000000043
468,5.399464320915538,3.201901767076743,200,1.0000000000000426,1.0000000000000426
469,5.399046130261024,3.197352010572242,200,1.0000000000000435,1.0000000000000435
470,5.398993540781402,3.1950754456058075,200,1.0000000000000435,1.0000000000000435
471,5.399034900386781,3.1901104981387314,200,1.0000000000000435,1.0000000000000435
472,5.3991809770854875,3.187844792800253,200,1.0000000000000433,1.0000000000000433
473,5.399389550876023,3.182931859495755,200,1.0000000000000433,1.0000000000000433
474,5.400592839108096,3.178740029832318,200,1.0000000000000433,1.0000000000000433
475,5.401143715334518,3.1764644454683464,200,1.0000000000000437,1.0000000000000437
476,5.40585654670102,3.1754189379956244,200,1.0000000000000437,1.0000000000000437
477,5.404883271087064,3.1602495363284526,200,1.0000000000000442,1.0000000000000442
478,5.405472980223209,3.155698632686525,200,1.0000000000000433,1.0000000000000433
479,5.4060627035895745,3.1512970670092675,200,1.0000000000000433,1.0000000000000433
480,5.407235955873516,3.149326158431578,200,1.0000000000000446,1.0000000000000446
481,5.408466417759036,3.1473962123813406,200,1.0000000000000444,1.0000000000000444
482,5.416071827569313,3.1465073084386566,200,1.000000000000045,1.000000000000045
483,5.414891541131834,3.138362301734403,200,1.0000000000000446,1.0000000000000446
484,5.419018168271165,3.137160218106953,200,1.0000000000000442,1.0000000000000442
485,5.419591647035343,3.133732695444732,200,1.0000000000000444,1.0000000000000444
486,5.427629043999541,3.130226559021443,200,1.0000000000000444,1.0000000000000444
487,5.437971300699671,3.129073098263688,200,1.0000000000000449,1.0000000000000449
488,5.443508611161977,3.1286863092978985,200,1.0000000000000453,1.0000000000000453
489,5.444039286058835,3.1264846642489155,200,1.0000000000000449,1.0000000000000449
490,5.442922990121856,3.123343088786383,200,1.0000000000000442,1.0000000000000442
491,5.44514990949194,3.1229466100186873,200,1.0000000000000453,1.0000000000000453
492,5.451394219784029,3.1234464027804036,200,1.0000000000000446,1.0000000000000446
493,5.461812508424456,3.124840777448565,200,1.0000000000000453,1.0000000000000453
494,5.464127587274508,3.1247461963262646,200,1.0000000000000455,1.0000000000000455
495,5.466463819186714,3.124739420871851,200,1.000000000000045,1.000000000000045
496,5.459302441662093,3.1213327620409395,200,1.0000000000000464,1.0000000000000464
497,5.466387241567526,3.1230813654289,200,1.0000000000000455,1.0000000000000455
498,5.4823416375680925,3.127052442003774,200,1.0000000000000457,1.0000000000000457
499,5.482842576337136,3.1273231319967087,200,1.0000000000000462,1.0000000000000462
500,5.489785671392445,3.1292049256712096,200,1.0000000000000464,1.0000000000000464
501,5.496587242890965,3.131045046038009,200,1.000000000000046,1.000000000000046
502,5.507372588359406,3.133731961531471,200,1.0000000000000466,1.0000000000000466
503,5.513594467682256,3.1352830922366244,200,1.0000000000000453,1.0000000000000453
504,5.515657044080015,3.1359476086267093,200,1.0000000000000462,1.0000000000000462
505,5.515784292114715,3.1364337138454297,200,1.0000000000000466,1.0000000000000466
506,5.5216276096505625,3.1378894615248347,200,1.0000000000000469,1.0000000000000469
507,5.523505707603292,3.1384641271368263,200,1.000000000000047,1.000000000000047
508,5.521770717573642,3.138505096388124,200,1.0000000000000466,1.0000000000000466
509,5.5367076984964125,3.141414232249198,200,1.0000000000000466,1.0000000000000466
510,5.541750993836857,3.1414793521219355,200,1.0000000000000464,1.0000000000000464
511,5.545708242014198,3.140665185082208,200,1.0000000000000473,1.0000000000000473
512,5.548498654858194,3.138878854155315,200,1.0000000000000475,1.0000000000000475
513,5.547452146961982,3.137045444850176,200,1.0000000000000477,1.0000000000000477
514,5.5476678601837,3.1358309595582097,200,1.0000000000000473,1.0000000000000473
515,5.547783648003094,3.134465832641529,200,1.0000000000000477,1.0000000000000477
516,5.549027723629721,3.1296354519224616,200,1.0000000000000475,1.0000000000000475
517,5.545868312105348,3.1234874189929456,200,1.0000000000000488,1.0000000000000488
518,5.544937035088128,3.1175005762950607,200,1.000000000000048,1.000000000000048
519,5.543273654108397,3.1117084715032624,200,1.0000000000000482,1.0000000000000482
520,5.542313005973872,3.108597190554955,200,1.0000000000000488,1.0000000000000488
521,5.53934225639151,3.1022815338177097,200,1.0000000000000486,1.0000000000000486
522,5.537843990054588,3.098665644898305,200,1.0000000000000486,1.0000000000000486
523,5.532915129229148,3.091104641630668,200,1.0000000000000484,1.0000000000000484
524,5.526480046466299,3.082663989387579,200,1.0000000000000493,1.0000000000000493
525,5.524068417834668,3.078336387116674,200,1.0000000000000497,1.0000000000000497
526,5.512709300404259,3.06627610973568,200,1.0000000000000497,1.0000000000000497
527,5.506662949926655,3.056861311933865,200,1.0000000000000495,1.0000000000000495
528,5.503599284122071,3.0520927003741605,200,1.00000000000005,1.00000000000005
529,5.501783432166033,3.0431744580979285,200,1.0000000000000497,1.0000000000000497
530,5.495122777898995,3.0356487699435117,200,1.0000000000000504,1.0000000000000504
531,5.488081768240589,3.0280513915064042,200,1.0000000000000495,1.0000000000000495
532,5.47183507539386,3.0145905461598583,200,1.00000000000005,1.00000000000005
533,5.468372265936487,3.0099394958294554,200,1.00000000000005,1.00000000000005
534,5.464929683102333,3.005374364577846,200,1.0000000000000513,1.0000000000000513
535,5.446868900181675,2.9921863064978322,200,1.0000000000000506,1.0000000000000506
536,5.446224302255421,2.9856362434396564,200,1.0000000000000506,1.0000000000000506
537,5.437912252959241,2.97911136324836,200,1.0000000000000504,1.0000000000000504
538,5.424392178742892,2.970338579890124,200,1.0000000000000508,1.0000000000000508
539,5.421009973704688,2.967164065886977,200,1.000000000000051,1.000000000000051
540,5.414389046397473,2.9615106822621873,200,1.000000000000051,1.000000000000051
541,5.411212049390149,2.959024977868091,200,1.0000000000000513,1.0000000000000513
542,5.403888735701965,2.953525947312991,200,1.0000000000000515,1.0000000000000515
543,5.401088425083213,2.9521982572348335,200,1.0000000000000517,1.0000000000000517
544,5.39836093036377,2.9511444944272918,200,1.0000000000000526,1.0000000000000526
545,5.393050261046081,2.9499141397380058,200,1.0000000000000524,1.0000000000000524
546,5.377030194199673,2.9463021251643293,200,1.0000000000000528,1.0000000000000528
547,5.378548469418657,2.950300047711774,200,1.0000000000000524,1.0000000000000524
548,5.376322640706631,2.9514005685613145,200,1.000000000000052,1.000000000000052
549,5.377830805306466,2.9570550787162513,200,1.000000000000053,1.000000000000053
550,5.377552467997383,2.961279036332303,200,1.0000000000000522,1.0000000000000522
551,5.375641136236007,2.9635042757561987,200,1.0000000000000526,1.0000000000000526
552,5.370326607040691,2.9659907864010173,200,1.0000000000000524,1.0000000000000524
553,5.368543043829562,2.9688731865043474,200,1.0000000000000528,1.0000000000000528
554,5.37216940933301,2.984157478500494,200,1.0000000000000522,1.0000000000000522
555,5.3705547166034435,2.9877374515060695,200,1.0000000000000528,1.0000000000000528
556,5.370987157770029,2.9980521884742695,200,1.0000000000000537,1.0000000000000537
557,5.364752563083101,3.0037276312878847,200,1.0000000000000526,1.0000000000000526
558,5.364003952012256,3.0116961753522142,200,1.0000000000000526,1.0000000000000526
559,5.362607169389913,3.0162679525990814,200,1.0000000000000524,1.0000000000000524
560,5.357653837699072,3.0233566678424713,200,1.0000000000000535,1.0000000000000535
561,5.357092729959896,3.0466097602731317,200,1.0000000000000535,1.0000000000000535
562,5.354708389772982,3.0530100580552615,200,1.000000000000054,1.000000000000054
563,5.3525991191494455,3.059620977123319,200,1.0000000000000535,1.0000000000000535
564,5.349597515320418,3.0783411681853563,200,1.0000000000000537,1.0000000000000537
565,5.347838637533403,3.0863253675932114,200,1.0000000000000537,1.0000000000000537
566,5.346440443834463,3.096425322718294,200,1.000000000000053,1.000000000000053
567,5.345621579793224,3.1012949868271935,200,1.0000000000000537,1.0000000000000537
568,5.345957239954798,3.1116980265876477,200,1.000000000000054,1.000000000000054
569,5.340531911201166,3.1272011562781596,200,1.0000000000000535,1.0000000000000535
570,5.33969350801739,3.1357140062112667,200,1.000000000000054,1.000000000000054
571,5.340594816539568,3.1417751850810314,200,1.000000000000054,1.000000000000054
572,5.33902141045774,3.1476907243231302,200,1.0000000000000537,1.0000000000000537
573,5.337532136894372,3.153112569798787,200,1.000000000000054,1.000000000000054
574,5.339282270228131,3.158637110540056,200,1.0000000000000537,1.0000000000000537
575,5.339542986769209,3.1620410426600363,200,1.0000000000000537,1.0000000000000537
576,5.3403260305970255,3.1684604877799245,200,1.0000000000000544,1.0000000000000544
577,5.340882672452852,3.171482471052368,200,1.0000000000000544,1.0000000000000544
578,5.340852645015923,3.1777570177163756,200,1.0000000000000544,1.0000000000000544
579,5.341760106403798,3.180273101126822,200,1.000000000000055,1.000000000000055
580,5.345215778610314,3.1846511785360314,200,1.0000000000000555,1.0000000000000555
581,5.34639356146504,3.1868895951087994,200,1.000000000000055,1.000000000000055
582,5.352946982938473,3.1928647025193966,200,1.0000000000000553,1.0000000000000553
583,5.354434465636256,3.1947903256607733,200,1.0000000000000555,1.0000000000000555
584,5.356018303878937,3.196583802619885,200,1.0000000000000546,1.0000000000000546
585,5.355625695845999,3.197431463302903,200,1.0000000000000553,1.0000000000000553
586,5.357490574015599,3.1987721138555787,200,1.0000000000000555,1.0000000000000555
587,5.362328633116924,3.2018723678911916,200,1.0000000000000562,1.0000000000000562
588,5.376101321178133,3.2100333738091154,200,1.0000000000000546,1.0000000000000546
589,5.378368208584594,3.2108239501615325,200,1.0000000000000557,1.0000000000000557
590,5.3806962956450874,3.211490434094833,200,1.000000000000056,1.000000000000056
591,5.3822791219931325,3.209507375114455,200,1.000000000000056,1.000000000000056
592,5.3843618908949935,3.2067148638227896,200,1.0000000000000557,1.0000000000000557
593,5.386976492198896,3.206743216245042,200,1.0000000000000566,1.0000000000000566
594,5.392469226551395,3.2045905628049693,200,1.000000000000056,1.000000000000056
595,5.40023997418274,3.2073658454689737,200,1.000000000000056,1.000000000000056
596,5.402969900890081,3.2068479437613413,200,1.0000000000000568,1.0000000000000568
597,5.406148442078261,3.204098608331454,200,1.0000000000000568,1.0000000000000568
598,5.408886256438465,3.2033512495319107,200,1.000000000000057,1.000000000000057
599,5.421749825970503,3.2089277046873192,200,1.0000000000000568,1.0000000000000568
600,5.430815753798511,3.1968198284867935,200,1.0000000000000566,1.0000000000000566
601,5.4346099070028675,3.196389171358246,200,1.000000000000057,1.000000000000057
602,5.4394000446911255,3.193265250082106,200,1.0000000000000568,1.0000000000000568
603,5.444392910887128,3.186672787810922,200,1.0000000000000566,1.0000000000000566
604,5.447899608763575,3.186330584520895,200,1.0000000000000577,1.0000000000000577
605,5.451999034983679,3.182632600494262,200,1.0000000000000575,1.0000000000000575
606,5.455574225495072,3.178370801488618,200,1.000000000000057,1.000000000000057
607,5.459140956632128,3.1741968301906853,200,1.0000000000000573,1.0000000000000573
608,5.462695357706098,3.1701468486988302,200,1.0000000000000577,1.0000000000000577
609,5.466017513410432,3.166438862224521,200,1.0000000000000577,1.0000000000000577
610,5.467565272700662,3.1645819011410583,200,1.000000000000058,1.000000000000058
611,5.471096219628162,3.160938628110344,200,1.0000000000000582,1.0000000000000582
612,5.473360894126989,3.157341184864414,200,1.0000000000000577,1.0000000000000577
613,5.4739380973160845,3.155362696800609,200,1.0000000000000588,1.0000000000000588
614,5.484507616566914,3.1489881610356507,200,1.000000000000058,1.000000000000058
615,5.492015944192609,3.14524449236074,200,1.0000000000000584,1.0000000000000584
616,5.4860854824757235,3.1400477231062958,200,1.0000000000000584,1.0000000000000584
617,5.497680449939308,3.136868570975837,200,1.0000000000000586,1.0000000000000586
618,5.502528606102314,3.1373027567449037,200,1.000000000000058,1.000000000000058
619,5.506514535176244,3.137149473555547,200,1.0000000000000586,1.0000000000000586
620,5.515026436460589,3.140112098562871,200,1.000000000000058,1.000000000000058
621,5.515426750344874,3.138079718666041,200,1.0000000000000593,1.0000000000000593
622,5.521306130236187,3.140563112740242,200,1.0000000000000593,1.0000000000000593
623,5.523926716793987,3.1413178611751493,200,1.0000000000000584,1.0000000000000584
624,5.5469046046954,3.155076395428868,200,1.0000000000000595,1.0000000000000595
625,5.549556275836739,3.1551959090595387,200,1.000000000000059,1.000000000000059
626,5.5556579821493575,3.1552948274710766,200,1.000000000000059,1.000000000000059
627,5.5592363743191395,3.1569236240283494,200,1.0000000000000593,1.0000000000000593
628,5.562885825577055,3.1585880687916275,200,1.0000000000000595,1.0000000000000595
629,5.566518081957713,3.1585072506684573,200,1.0000000000000595,1.0000000000000595
630,5.589679370812311,3.1781976484210213,200,1.0000000000000593,1.0000000000000593
631,5.597437443635019,3.183825973798027,200,1.000000000000059,1.000000000000059
632,5.6130414723998285,3.190945749551201,200,1.0000000000000604,1.0000000000000604
633,5.635498393536756,3.2108994149004455,200,1.0000000000000597,1.0000000000000597
634,5.642837605163064,3.215949424213244,200,1.00000000000006,1.00000000000006
635,5.649995569255264,3.22074805121386,200,1.0000000000000606,1.0000000000000606
636,5.66029452322299,3.228491016201572,200,1.0000000000000604,1.0000000000000604
637,5.673220165312705,3.238509533270734,200,1.0000000000000606,1.0000000000000606
638,5.679298949902234,3.239619752877753,200,1.0000000000000606,1.0000000000000606
639,5.681752445723287,3.234869929828909,200,1.0000000000000608,1.0000000000000608
640,5.690687569195536,3.2326374015821373,200,1.000000000000061,1.000000000000061
641,5.691831176378211,3.22855631306325,200,1.0000000000000604,1.0000000000000604
642,5.693406585977071,3.2272319517486703,200,1.0000000000000604,1.0000000000000604
643,5.705879536468261,3.2302173564526937,200,1.0000000000000597,1.0000000000000597
644,5.696854271308161,3.2027292774491736,200,1.0000000000000606,1.0000000000000606
645,5.696711707123859,3.199503410050685,200,1.0000000000000604,1.0000000000000604
646,5.69787406233842,3.1966214303616654,200,1.00000000000006,1.00000000000006
647,5.698731533508948,3.193369362641011,200,1.000000000000061,1.000000000000061
648,5.698483559839052,3.18581172582574,200,1.0000000000000613,1.0000000000000613
649,5.689161194818626,3.165561675496947,200,1.000000000000061,1.000000000000061
650,5.6890296321652745,3.1612093683177767,200,1.0000000000000615,1.0000000000000615
651,5.681967871340667,3.144266266077538,200,1.000000000000061,1.000000000000061
652,5.682502699110518,3.139434178473704,200,1.0000000000000617,1.0000000000000617
653,5.681206714393696,3.13518666566773,200,1.0000000000000622,1.0000000000000622
654,5.675314505641037,3.1188080079345157,200,1.0000000000000628,1.0000000000000628
655,5.67418646189128,3.114843956450537,200,1.0000000000000624,1.0000000000000624
656,5.67312332342133,3.1109779905143284,200,1.0000000000000626,1.0000000000000626
657,5.673876498121563,3.106902639475965,200,1.000000000000062,1.000000000000062
658,5.676069632483533,3.1027742095591666,200,1.0000000000000626,1.0000000000000626
659,5.674223992903018,3.0969024989254375,200,1.0000000000000617,1.0000000000000617
660,5.675863155271699,3.094214651356504,200,1.0000000000000624,1.0000000000000624
661,5.676380625952007,3.0863003198014054,200,1.0000000000000626,1.0000000000000626
662,5.676339294345493,3.0809260418128672,200,1.0000000000000628,1.0000000000000628
663,5.676973743347537,3.0760588273871354,200,1.0000000000000626,1.0000000000000626
664,5.6802469714515675,3.0678846841501914,200,1.0000000000000628,1.0000000000000628
665,5.683624585783376,3.067824378616596,200,1.000000000000063,1.000000000000063
666,5.685479234743748,3.068021283397565,200,1.0000000000000628,1.0000000000000628
667,5.6874303249668765,3.068362582995331,200,1.000000000000063,1.000000000000063
668,5.692762406936829,3.0746262839080214,200,1.0000000000000633,1.0000000000000633
669,5.694874564345371,3.075421000911646,200,1.0000000000000626,1.0000000000000626
670,5.699552086237023,3.0825796949713227,200,1.000000000000063,1.000000000000063
671,5.7023696163780375,3.08589513564273,200,1.0000000000000624,1.0000000000000624
672,5.704549920442487,3.087188524950054,200,1.0000000000000635,1.0000000000000635
673,5.70841672437509,3.0876911717850395,200,1.0000000000000633,1.0000000000000633
674,5.710662894646312,3.0891445993983204,200,1.000000000000064,1.000000000000064
675,5.713990978368274,3.0977772667338854,200,1.0000000000000637,1.0000000000000637
676,5.720032977179003,3.110059238439764,200,1.0000000000000637,1.0000000000000637
677,5.721865733277057,3.111817248350024,200,1.0000000000000637,1.0000000000000637
678,5.723640991795358,3.1135900796326625,200,1.0000000000000637,1.0000000000000637
679,5.732699990693551,3.115014839677889,200,1.0000000000000633,1.0000000000000633
680,5.734175163447221,3.116780845562901,200,1.0000000000000644,1.0000000000000644
681,5.734102221411738,3.1259687202531894,200,1.0000000000000642,1.0000000000000642
682,5.737898740617769,3.1288701606860245,200,1.0000000000000642,1.0000000000000642
683,5.73729586427851,3.135506581981417,200,1.0000000000000644,1.0000000000000644
684,5.737123312726426,3.139736059025839,200,1.0000000000000644,1.0000000000000644
685,5.738900773109451,3.1472760371735427,200,1.0000000000000653,1.0000000000000653
686,5.7390872062422975,3.1493056447735106,200,1.0000000000000653,1.0000000000000653
687,5.740781367784706,3.153035795755792,200,1.0000000000000644,1.0000000000000644
688,5.740563319953872,3.1552814517880385,200,1.0000000000000653,1.0000000000000653
689,5.738732887558056,3.162309416713571,200,1.0000000000000653,1.0000000000000653
690,5.738380612882191,3.164822012945066,200,1.0000000000000653,1.0000000000000653
691,5.73650912209,3.1721281305656457,200,1.0000000000000655,1.0000000000000655
692,5.736215350930573,3.1766613296850235,200,1.0000000000000664,1.0000000000000664
693,5.735526299795241,3.17977273222456,200,1.0000000000000657,1.0000000000000657
694,5.730977998519782,3.1874235375582867,200,1.0000000000000655,1.0000000000000655
695,5.723752059799253,3.1954045949683136,200,1.0000000000000662,1.0000000000000662
696,5.722352318478139,3.1993134248476784,200,1.0000000000000655,1.0000000000000655
697,5.722787797456487,3.2116599040911393,200,1.0000000000000653,1.0000000000000653
698,5.72154988959397,3.2161726772813037,200,1.0000000000000655,1.0000000000000655
699,5.71822591306649,3.2226838082234286,200,1.000000000000066,1.000000000000066
700,5.709602186725868,3.241531708568175,200,1.0000000000000657,1.0000000000000657
701,5.709967824832633,3.258512373468011,200,1.0000000000000657,1.0000000000000657
702,5.710368700138539,3.2674463335388335,200,1.0000000000000664,1.0000000000000664
703,5.710697367655508,3.2919059157234627,200,1.0000000000000655,1.0000000000000655
704,5.704903252788704,3.3140565272207883,200,1.0000000000000664,1.0000000000000664
705,5.702871443436326,3.3269958285806336,200,1.0000000000000664,1.0000000000000664
706,5.703853986825603,3.33676715723663,200,1.0000000000000662,1.0000000000000662
707,5.692240873242904,3.359275429264381,200,1.0000000000000657,1.0000000000000657
708,5.683279407231224,3.377907862234405,200,1.0000000000000668,1.0000000000000668
709,5.682055732445944,3.3840683661537336,200,1.0000000000000666,1.0000000000000666
710,5.684755700962993,3.3965037936572133,200,1.0000000000000664,1.0000000000000664
711,5.682178478548715,3.425464004147013,200,1.0000000000000673,1.0000000000000673
712,5.67944931807902,3.4463446885872613,200,1.000000000000067,1.000000000000067
713,5.677612330574694,3.451029953680329,200,1.0000000000000662,1.0000000000000662
714,5.67572993854251,3.4555515684914746,200,1.000000000000067,1.000000000000067
715,5.6744923342958264,3.4622539912995434,200,1.0000000000000664,1.0000000000000664
716,5.672944901161683,3.468537074096246,200,1.0000000000000664,1.0000000000000664
717,5.6710875389747315,3.47438852331716,200,1.0000000000000668,1.0000000000000668
718,5.668879484433532,3.477889812231379,200,1.000000000000067,1.000000000000067
719,5.66433773052341,3.484457243833193,200,1.0000000000000675,1.0000000000000675
720,5.659748584517262,3.4903784045904045,200,1.0000000000000677,1.0000000000000677
721,5.655167765608706,3.495689258409023,200,1.0000000000000677,1.0000000000000677
722,5.652933034802421,3.49808672991858,200,1.0000000000000666,1.0000000000000666
723,5.645308008065357,3.5068531479622767,200,1.0000000000000675,1.0000000000000675
724,5.63863627363219,3.5117820155859922,200,1.0000000000000675,1.0000000000000675
725,5.636631776867659,3.5131355424396515,200,1.0000000000000675,1.0000000000000675
726,5.634713203704273,3.5144084213229703,200,1.000000000000068,1.000000000000068
727,5.627815851032352,3.5196600768465,200,1.0000000000000686,1.0000000000000686
728,5.628061396508258,3.5202724543919603,200,1.0000000000000677,1.0000000000000677
729,5.628162691749724,3.5211807130452013,200,1.0000000000000684,1.0000000000000684
730,5.610180868357027,3.5330797270022183,200,1.0000000000000684,1.0000000000000684
731,5.610003471201941,3.5336854383111893,200,1.0000000000000677,1.0000000000000677
732,5.609982666302278,3.5343158503206236,200,1.0000000000000673,1.0000000000000673
733,5.610628838661848,3.5366907833690675,200,1.0000000000000686,1.0000000000000686
734,5.616977573568315,3.536638801076854,200,1.0000000000000686,1.0000000000000686
735,5.618363972753118,3.5428019542570137,200,1.0000000000000686,1.0000000000000686
736,5.618971172360002,3.5463543575471363,200,1.0000000000000684,1.0000000000000684
737,5.627471699443495,3.546553732438527,200,1.000000000000069,1.000000000000069
738,5.627049550806627,3.5491624869534677,200,1.0000000000000682,1.0000000000000682
739,5.630212031715844,3.551261678923778,200,1.000000000000069,1.000000000000069
740,5.644447895792383,3.550739520468413,200,1.0000000000000688,1.0000000000000688
741,5.645510890478757,3.5518699526344406,200,1.000000000000069,1.000000000000069
742,5.649147221893077,3.552561136466589,200,1.0000000000000686,1.0000000000000686
743,5.6429838790154765,3.5586155294326374,200,1.0000000000000684,1.0000000000000684
744,5.642290258580841,3.5601447015050947,200,1.0000000000000682,1.0000000000000682
745,5.643065665994127,3.560426037127032,200,1.0000000000000688,1.0000000000000688
746,5.6472407097648745,3.559148931819774,200,1.0000000000000686,1.0000000000000686
747,5.648488993312485,3.558444584615335,200,1.0000000000000704,1.0000000000000704
748,5.646535778304993,3.5589868807256315,200,1.0000000000000702,1.0000000000000702
749,5.643262650964163,3.5596131219243685,200,1.000000000000069,1.000000000000069
750,5.642874075265857,3.5579170935594187,200,1.00000000000007,1.00000000000007
751,5.64169871744273,3.557112492219193,200,1.0000000000000706,1.0000000000000706
752,5.639168988883155,3.5563148529171964,200,1.0000000000000697,1.0000000000000697
753,5.6359413068035895,3.5527368292280106,200,1.00000000000007,1.00000000000007
754,5.630038316924359,3.549768555831342,200,1.0000000000000704,1.0000000000000704
755,5.626548632955063,3.5479019477650784,200,1.0000000000000702,1.0000000000000702
756,5.621521505595073,3.5447433907959653,200,1.0000000000000702,1.0000000000000702
757,5.6086645717739705,3.5380133308015487,200,1.0000000000000706,1.0000000000000706
758,5.603652399674072,3.5349751748311316,200,1.0000000000000704,1.0000000000000704
759,5.591619842286672,3.5294421574647514,200,1.0000000000000704,1.0000000000000704
760,5.553148983697788,3.516598576512075,200,1.0000000000000713,1.0000000000000713
761,5.545767967033887,3.5125922898111375,200,1.0000000000000715,1.0000000000000715
762,5.539003108163096,3.5115613011330415,200,1.0000000000000713,1.0000000000000713
763,5.535354862587209,3.5113480957632413,200,1.0000000000000704,1.0000000000000704
764,5.515758623538227,3.5093687223009793,200,1.0000000000000713,1.0000000000000713
765,5.512493058889467,3.5098631841324965,200,1.0000000000000708,1.0000000000000708
766,5.506720824273998,3.511708026815104,200,1.000000000000071,1.000000000000071
767,5.499172466966394,3.5128982141124165,200,1.0000000000000717,1.0000000000000717
768,5.492149405901868,3.5146080884942483,200,1.0000000000000708,1.0000000000000708
769,5.485737998004766,3.5168476136910387,200,1.0000000000000715,1.0000000000000715
770,5.480018126072709,3.5196203499909786,200,1.0000000000000713,1.0000000000000713
771,5.47905679380651,3.526082583845516,200,1.0000000000000724,1.0000000000000724
772,5.479661258246098,3.5338903054616915,200,1.0000000000000717,1.0000000000000717
773,5.503796991774985,3.5730232644919724,200,1.0000000000000713,1.0000000000000713
774,5.518337546463176,3.5894985907588524,200,1.0000000000000715,1.0000000000000715
775,5.52368526244769,3.606410986293347,200,1.0000000000000715,1.0000000000000715
776,5.532692499484797,3.6218359965792026,200,1.0000000000000715,1.0000000000000715
777,5.550052453046916,3.6401100883278352,200,1.0000000000000724,1.0000000000000724
778,5.555701272428646,3.647135240034457,200,1.000000000000073,1.000000000000073
779,5.561503118002948,3.655297438201686,200,1.000000000000072,1.000000000000072
780,5.578958484160266,3.6729421472334574,200,1.000000000000072,1.000000000000072
781,5.584923673646106,3.6793526411250475,200,1.0000000000000726,1.0000000000000726
782,5.606473244627276,3.700551772473593,200,1.0000000000000724,1.0000000000000724
783,5.641091297225103,3.7345063710640205,200,1.0000000000000722,1.0000000000000722
784,5.645217633072042,3.738462842375194,200,1.000000000000073,1.000000000000073
785,5.652802423975578,3.74495711697459,200,1.0000000000000735,1.0000000000000735
786,5.656222670199158,3.747467329620032,200,1.0000000000000728,1.0000000000000728
787,5.664808277886689,3.7550974476596917,200,1.0000000000000728,1.0000000000000728
788,5.666802784918813,3.7557739979382903,200,1.0000000000000733,1.0000000000000733
789,5.671106251458539,3.7492958758655,200,1.0000000000000728,1.0000000000000728
790,5.67293241185206,3.7451182329700967,200,1.0000000000000728,1.0000000000000728
791,5.673780658982465,3.742638590940331,200,1.0000000000000726,1.0000000000000726
792,5.674028190528587,3.7393788468126052,200,1.000000000000073,1.000000000000073
793,5.673090483034766,3.73472254806472,200,1.000000000000074,1.000000000000074
794,5.670985920366285,3.7286781298924585,200,1.000000000000073,1.000000000000073
795,5.669537902365811,3.7230618855803543,200,1.000000000000073,1.000000000000073
796,5.665723173275595,3.7148263839268147,200,1.0000000000000735,1.0000000000000735
797,5.660852105535872,3.7052798125291284,200,1.0000000000000744,1.0000000000000744
798,5.65714072205849,3.6815621254286306,200,1.0000000000000735,1.0000000000000735
799,5.652736191666609,3.654483720225496,200,1.0000000000000746,1.0000000000000746
800,5.648714213493707,3.6381035415366214,200,1.000000000000074,1.000000000000074
801,5.64377279839832,3.6139754603934025,200,1.0000000000000746,1.0000000000000746
802,5.639864560696568,3.603099852358025,200,1.0000000000000748,1.0000000000000748
803,5.6324008195670405,3.587824964940984,200,1.000000000000074,1.000000000000074
804,5.6281139988542055,3.57628845968835,200,1.0000000000000746,1.0000000000000746
805,5.6229345840687035,3.5572117288489875,200,1.0000000000000746,1.0000000000000746
806,5.614984636666288,3.5406926833525243,200,1.0000000000000746,1.0000000000000746
807,5.609678602110208,3.5212389154929635,200,1.0000000000000748,1.0000000000000748
808,5.602543491759459,3.487125352508581,200,1.000000000000075,1.000000000000075
809,5.5921284520587875,3.4659566631448464,200,1.0000000000000757,1.0000000000000757
810,5.57570326491636,3.4281165150668023,200,1.0000000000000744,1.0000000000000744
811,5.572357694793638,3.416871816858817,200,1.0000000000000742,1.0000000000000742
812,5.561872818139511,3.3803839312821324,200,1.0000000000000755,1.0000000000000755
813,5.556237584880503,3.3617380344335808,200,1.0000000000000755,1.0000000000000755
814,5.554817972961968,3.352675630119008,200,1.0000000000000757,1.0000000000000757
815,5.555970068291272,3.306115436963862,200,1.0000000000000753,1.0000000000000753
816,5.55663413111623,3.3012888846235393,200,1.0000000000000757,1.0000000000000757
817,5.558564385440446,3.29483704579839,200,1.0000000000000755,1.0000000000000755
818,5.560481569607161,3.2898052056302935,200,1.0000000000000755,1.0000000000000755
819,5.564540905168588,3.2845846456295646,200,1.0000000000000757,1.0000000000000757
820,5.572007835734741,3.2800295053422985,200,1.0000000000000766,1.0000000000000766
821,5.575180837735527,3.279118090091456,200,1.000000000000076,1.000000000000076
822,5.578586429177179,3.2786058428077958,200,1.0000000000000766,1.0000000000000766
823,5.58411108048554,3.2815419022230268,200,1.0000000000000764,1.0000000000000764
824,5.598182937060082,3.2811650012628353,200,1.0000000000000764,1.0000000000000764
825,5.61149430169754,3.2857502592424925,200,1.0000000000000773,1.0000000000000773
826,5.617593334107343,3.294626068902068,200,1.0000000000000773,1.0000000000000773
827,5.622113676556629,3.299402306537462,200,1.0000000000000775,1.0000000000000775
828,5.63029645237863,3.301496592929279,200,1.0000000000000777,1.0000000000000777
829,5.63429299596582,3.3089739528080915,200,1.000000000000078,1.000000000000078
830,5.638028521697214,3.311197009853492,200,1.0000000000000777,1.0000000000000777
831,5.639869498417877,3.3209537481192952,200,1.000000000000078,1.000000000000078
832,5.6395052612720775,3.330045822800348,200,1.000000000000078,1.000000000000078
833,5.638567987140428,3.3359566180717564,200,1.0000000000000782,1.0000000000000782
834,5.634284768421433,3.3428655662570677,200,1.0000000000000786,1.0000000000000786
835,5.6326089274373246,3.3450866368362027,200,1.0000000000000786,1.0000000000000786
836,5.627802222790961,3.3480107881384256,200,1.0000000000000777,1.0000000000000777
837,5.629090678955042,3.345890887697378,200,1.0000000000000786,1.0000000000000786
838,5.624213071631477,3.3443990424044956,200,1.0000000000000788,1.0000000000000788
839,5.626194038632494,3.3350563057945286,200,1.000000000000079,1.000000000000079
840,5.624473032774194,3.332215127331146,200,1.0000000000000795,1.0000000000000795
841,5.619758809903823,3.3287550407764654,200,1.0000000000000795,1.0000000000000795
842,5.61873207095529,3.3152691703101507,200,1.0000000000000795,1.0000000000000795
843,5.616334186585067,3.3107752096039316,200,1.0000000000000788,1.0000000000000788
844,5.610740422118591,3.29345095196837,200,1.000000000000079,1.000000000000079
845,5.608048374175247,3.2878730075697966,200,1.0000000000000795,1.0000000000000795
846,5.605301515405966,3.2821117466298237,200,1.0000000000000795,1.0000000000000795
847,5.595749779607773,3.2602542660921174,200,1.0000000000000795,1.0000000000000795
848,5.58485922746779,3.241071271027624,200,1.000000000000079,1.000000000000079
849,5.582337360073161,3.2348924469995275,200,1.0000000000000797,1.0000000000000797
850,5.5787397219570245,3.2263838413090578,200,1.0000000000000802,1.0000000000000802
851,5.5733857053674365,3.211302133593439,200,1.0000000000000788,1.0000000000000788
852,5.565546389042597,3.1899716605863007,200,1.000000000000079,1.000000000000079
853,5.564680624914258,3.1815844173610546,200,1.00000000000008,1.00000000000008
854,5.564916849242511,3.174341967874887,200,1.0000000000000795,1.0000000000000795
855,5.564363648594791,3.1653328955576194,200,1.00000000000008,1.00000000000008
856,5.568173307828345,3.161445526029494,200,1.0000000000000795,1.0000000000000795
857,5.583787906169933,3.1547149721133865,200,1.0000000000000788,1.0000000000000788
858,5.5931346440520295,3.154923127243057,200,1.00000000000008,1.00000000000008
859,5.596985823097677,3.1586050912485417,200,1.0000000000000804,1.0000000000000804
860,5.601601386452056,3.1631126399960006,200,1.00000000000008,1.00000000000008
861,5.609970268410226,3.1644667765569525,200,1.00000000000008,1.00000000000008
862,5.618664385865307,3.1664546045946556,200,1.0000000000000804,1.0000000000000804
863,5.6234032158671425,3.168809055548625,200,1.00000000000008,1.00000000000008
864,5.645219006171268,3.1728562836514547,200,1.0000000000000802,1.0000000000000802
865,5.650157827164351,3.1762486961930443,200,1.0000000000000804,1.0000000000000804
866,5.664982081365464,3.187180551663859,200,1.0000000000000804,1.0000000000000804
867,5.677890375817036,3.1918514392850037,200,1.0000000000000808,1.0000000000000808
868,5.683964826510231,3.2016390543321,200,1.000000000000081,1.000000000000081
869,5.688405503653868,3.204880812999898,200,1.0000000000000813,1.0000000000000813
870,5.692683923713835,3.2079964049596916,200,1.000000000000081,1.000000000000081
871,5.704923261435235,3.219299395235945,200,1.0000000000000817,1.0000000000000817
872,5.708725908896717,3.223832557511756,200,1.0000000000000806,1.0000000000000806
873,5.716497305182855,3.2244636237465625,200,1.0000000000000817,1.0000000000000817
874,5.718832528568145,3.225864637163082,200,1.000000000000082,1.000000000000082
875,5.720860861684608,3.2269800677292606,200,1.0000000000000817,1.0000000000000817
876,5.722572330155944,3.227798366755885,200,1.0000000000000817,1.0000000000000817
877,5.723958398519003,3.228309386874939,200,1.0000000000000828,1.0000000000000828
878,5.725753068616443,3.2284605292555404,200,1.0000000000000826,1.0000000000000826
879,5.726608277629333,3.2264563654808054,200,1.0000000000000828,1.0000000000000828
880,5.7258930867055495,3.22623511576899,200,1.0000000000000826,1.0000000000000826
881,5.7237358097227,3.220941143066645,200,1.0000000000000822,1.0000000000000822
882,5.722166572151339,3.2187154049385147,200,1.0000000000000826,1.0000000000000826
883,5.720266450596865,3.216156058136404,200,1.0000000000000824,1.0000000000000824
884,5.716591974198971,3.21064881382974,200,1.0000000000000828,1.0000000000000828
885,5.7096116974324405,3.2029184707854625,200,1.0000000000000833,1.0000000000000833
886,5.704960392210995,3.197654222720352,200,1.000000000000083,1.000000000000083
887,5.696244942628031,3.186993371701482,200,1.0000000000000835,1.0000000000000835
888,5.692112347933396,3.181470387404622,200,1.0000000000000835,1.0000000000000835
889,5.687790179896905,3.1757565657257865,200,1.0000000000000833,1.0000000000000833
890,5.682074598912882,3.1678336424304687,200,1.0000000000000828,1.0000000000000828
891,5.673880141133783,3.1576384202081567,200,1.0000000000000826,1.0000000000000826
892,5.668998695017407,3.151360392143299,200,1.0000000000000824,1.0000000000000824
893,5.6589923872898655,3.1385842278148712,200,1.000000000000083,1.000000000000083
894,5.645736735240295,3.1239360695093388,200,1.0000000000000837,1.0000000000000837
895,5.6319856368621295,3.1094830433995426,200,1.0000000000000842,1.0000000000000842
896,5.625790476379686,3.100826451647212,200,1.0000000000000848,1.0000000000000848
897,5.611291624308617,3.0847167523518126,200,1.000000000000084,1.000000000000084
898,5.605191727834408,3.0726097995457007,200,1.000000000000085,1.000000000000085
899,5.600855662435475,3.0671506637058923,200,1.0000000000000848,1.0000000000000848
900,5.59675660432152,3.0601715028276577,200,1.0000000000000842,1.0000000000000842
901,5.592973386507721,3.0553113277464687,200,1.000000000000084,1.000000000000084
902,5.585597754829003,3.0477632116776663,200,1.0000000000000844,1.0000000000000844
903,5.575095890897587,3.032370954191069,200,1.0000000000000846,1.0000000000000846
904,5.573124654199834,3.029727830421958,200,1.0000000000000846,1.0000000000000846
905,5.574507025908847,3.0270868931709547,200,1.0000000000000842,1.0000000000000842
906,5.568332559409425,3.0228057261482,200,1.000000000000085,1.000000000000085
907,5.567866554186835,3.02198460555665,200,1.000000000000085,1.000000000000085
908,5.567706093921196,3.0215285452703218,200,1.0000000000000855,1.0000000000000855
909,5.568255584919571,3.02168155410904,200,1.0000000000000848,1.0000000000000848
910,5.567035681100556,3.0228960014969277,200,1.0000000000000855,1.0000000000000855
911,5.571523287133362,3.0261316905219853,200,1.0000000000000848,1.0000000000000848
912,5.576610296401171,3.030051795182574,200,1.000000000000086,1.000000000000086
913,5.5822475169824815,3.0345961775519648,200,1.0000000000000855,1.0000000000000855
914,5.5850006876826175,3.0374265778011575,200,1.000000000000085,1.000000000000085
915,5.590678376324899,3.0465762324700165,200,1.0000000000000862,1.0000000000000862
916,5.594510924619661,3.051337557229709,200,1.0000000000000857,1.0000000000000857
917,5.598785706727768,3.0563647373906733,200,1.0000000000000853,1.0000000000000853
918,5.608421899588577,3.0669018562424064,200,1.0000000000000855,1.0000000000000855
919,5.632041930052342,3.086019147580806,200,1.000000000000086,1.000000000000086
920,5.641310863556241,3.093937761040633,200,1.0000000000000864,1.0000000000000864
921,5.645964391154737,3.097765800638742,200,1.000000000000086,1.000000000000086
922,5.654025574901745,3.1038931110816126,200,1.0000000000000853,1.0000000000000853
923,5.659796231674004,3.108491769188685,200,1.000000000000086,1.000000000000086
924,5.664303237264246,3.111749589446043,200,1.0000000000000853,1.0000000000000853
925,5.669989549808765,3.115718895710532,200,1.0000000000000866,1.0000000000000866
926,5.675585357484927,3.1192445098137993,200,1.0000000000000868,1.0000000000000868
927,5.679804999115245,3.1217024759443786,200,1.0000000000000868,1.0000000000000868
928,5.686694381219181,3.125460654001234,200,1.0000000000000864,1.0000000000000864
929,5.6981454385984325,3.1308456558671205,200,1.0000000000000873,1.0000000000000873
930,5.703831632079682,3.132833212513682,200,1.0000000000000862,1.0000000000000862
931,5.709038021985016,3.134125173111741,200,1.0000000000000868,1.0000000000000868
932,5.715424889682425,3.1348063512157562,200,1.0000000000000868,1.0000000000000868
933,5.717934074913011,3.134580520783389,200,1.000000000000087,1.000000000000087
934,5.725706718436595,3.1312899504516123,200,1.0000000000000868,1.0000000000000868
935,5.730102147764024,3.1259305050768584,200,1.000000000000087,1.000000000000087
936,5.731627115256543,3.122086300513241,200,1.0000000000000877,1.0000000000000877
937,5.733281549620868,3.114526371760101,200,1.000000000000088,1.000000000000088
938,5.733739607060478,3.111284342928078,200,1.000000000000087,1.000000000000087
939,5.7352245981358365,3.103684489252254,200,1.0000000000000882,1.0000000000000882
940,5.735862364244314,3.0964753399452953,200,1.0000000000000877,1.0000000000000877
941,5.736009644376598,3.0904029558177823,200,1.0000000000000882,1.0000000000000882
942,5.735628657260843,3.0831614874371778,200,1.0000000000000877,1.0000000000000877
943,5.735356212006286,3.078449332525519,200,1.0000000000000882,1.0000000000000882
944,5.735021517102474,3.07165017985148,200,1.000000000000087,1.000000000000087
945,5.7341518736279635,3.061541682892513,200,1.0000000000000877,1.0000000000000877
946,5.731988533376793,3.0445231798881682,200,1.0000000000000895,1.0000000000000895
947,5.731194239146828,3.0372099171804194,200,1.0000000000000886,1.0000000000000886
948,5.730152389673065,3.0277754028493074,200,1.0000000000000882,1.0000000000000882
949,5.727866280835284,3.010221579668699,200,1.000000000000089,1.000000000000089
950,5.726618642415836,3.0015113670034905,200,1.0000000000000893,1.0000000000000893
951,5.724760072224521,2.9894986910001062,200,1.0000000000000886,1.0000000000000886
952,5.723465247530827,2.981129223238845,200,1.000000000000089,1.000000000000089
953,5.722811338235336,2.9762957070535956,200,1.0000000000000897,1.0000000000000897
954,5.720601874447738,2.9606973149294156,200,1.0000000000000895,1.0000000000000895
955,5.7178722454067135,2.9447694575855983,200,1.0000000000000893,1.0000000000000893
956,5.718069455921482,2.9385322381361507,200,1.0000000000000888,1.0000000000000888
957,5.718035990166587,2.9284257216487326,200,1.0000000000000902,1.0000000000000902
958,5.718078070881633,2.92572155216098,200,1.00000000000009,1.00000000000009
959,5.71817784716206,2.923207121330903,200,1.0000000000000897,1.0000000000000897
960,5.719402938158998,2.9128784453251346,200,1.0000000000000897,1.0000000000000897
961,5.719792431259695,2.9115616324847275,200,1.00000000000009,1.00000000000009
962,5.720232244808475,2.9104408124428507,200,1.0000000000000902,1.0000000000000902
963,5.7210351976459295,2.9088451535621638,200,1.0000000000000904,1.0000000000000904
964,5.721592102165486,2.9082538561819606,200,1.0000000000000895,1.0000000000000895
965,5.723576257333722,2.9076174484543507,200,1.0000000000000906,1.0000000000000906
966,5.724281455215625,2.9077584525934737,200,1.0000000000000906,1.0000000000000906
967,5.725016386410463,2.9080739811038874,200,1.0000000000000915,1.0000000000000915
968,5.725777872324155,2.9085597215131584,200,1.0000000000000915,1.0000000000000915
969,5.726740000350759,2.9096308609790715,200,1.0000000000000906,1.0000000000000906
970,5.72990751679326,2.913147830754681,200,1.0000000000000913,1.0000000000000913
971,5.733481448950821,2.919899378816208,200,1.0000000000000917,1.0000000000000917
972,5.7342201150098635,2.9221297091252834,200,1.0000000000000924,1.0000000000000924
973,5.736057175986886,2.925989211298262,200,1.0000000000000917,1.0000000000000917
974,5.736422899415665,2.9288692599133546,200,1.0000000000000913,1.0000000000000913
975,5.740411098259317,2.937832433137577,200,1.000000000000091,1.000000000000091
976,5.741181137613488,2.940474481313542,200,1.0000000000000913,1.0000000000000913
977,5.745884505856447,2.953865246974335,200,1.000000000000092,1.000000000000092
978,5.744089774869663,2.957940681908645,200,1.0000000000000915,1.0000000000000915
979,5.746855097844858,2.966752784862314,200,1.000000000000091,1.000000000000091
980,5.7466199056092035,2.9699950348079875,200,1.0000000000000915,1.0000000000000915
981,5.747007431567535,2.9731068650145835,200,1.000000000000092,1.000000000000092
982,5.745672518389167,2.9764272758094026,200,1.0000000000000924,1.0000000000000924
983,5.74590309296347,2.979547461164679,200,1.0000000000000917,1.0000000000000917
984,5.745115791286816,2.9827137783222195,200,1.0000000000000924,1.0000000000000924
985,5.743091575406223,2.9858580423893915,200,1.0000000000000924,1.0000000000000924
986,5.745214934183549,2.9982004482866493,200,1.0000000000000928,1.0000000000000928
987,5.7426545128055,3.0009813120874287,200,1.000000000000093,1.000000000000093
988,5.74349139742728,3.0069861983452397,200,1.0000000000000933,1.0000000000000933
989,5.746335393294867,3.018927929799596,200,1.0000000000000937,1.0000000000000937
990,5.7470318084794165,3.024591206063247,200,1.0000000000000937,1.0000000000000937
991,5.745253910074798,3.0268624788744294,200,1.000000000000093,1.000000000000093
992,5.741245952250244,3.031062473776527,200,1.0000000000000926,1.0000000000000926
993,5.74090771686349,3.0383490916787625,200,1.0000000000000941,1.0000000000000941
994,5.740221546922305,3.0404782988987495,200,1.000000000000094,1.000000000000094
995,5.7378332441205595,3.0419771588500604,200,1.0000000000000946,1.0000000000000946
996,5.73704214013677,3.04391431662508,200,1.0000000000000948,1.0000000000000948
997,5.7379937786386215,3.050520389856588,200,1.000000000000094,1.000000000000094
998,5.737146401137642,3.052160691143531,200,1.0000000000000948,1.0000000000000948
999,5.735360533252651,3.0551679457559184,200,1.0000000000000944,1.0000000000000944
1000,5.7344366312966155,3.056535820506859,200,1.000000000000095,1.000000000000095
