time_step,site_0,site_1,site_2,site_3,site_4,site_5,site_6,site_7,site_8,site_9
0,0.0,0.0,0.0,0.0,0.0,1.0,0.0,0.0,0.0,0.0
1,0.0,0.0,0.0,2.4049868958326533e-08,0.00021930450021981926,0.9999999759527681,0.0002192804529879832,0.0,0.0,0.0
2,0.0,2.8894447474052703e-16,2.637266290377844e-12,2.1640397928394774e-07,0.0008769054369506374,0.9999996154341066,0.0008767131645516352,2.4047231691148466e-08,2.636977345903104e-12,0.0
3,0.0,4.827420664029321e-13,4.1915688027983035e-09,7.715015486376102e-06,0.04832458126791373,0.9994006876147518,0.0019471275527384972,1.740937300701015e-05,2.052310170694649e-09,4.851696412037021e-14
4,0.0,2.8126708353630383e-12,8.801458080825931e-09,2.7517040811497066e-05,0.05482503832964946,0.9992242587845358,0.003439059425981074,2.145839774080616e-05,8.799128167225024e-09,4.823699405693991e-13
5,5.95876869313122e-16,1.0460554901165582e-11,2.2120113317192483e-08,6.187120725679672e-05,0.06170020315077043,0.9990105564086545,0.005348331185110789,2.7503720011016162e-05,2.211246559083123e-08,2.811354848650886e-12
6,2.0970159992877918e-14,5.440519015262462e-11,1.5654863559178895e-07,0.00011965869350358792,0.08450199473943641,0.9981204863091648,0.007655352683085024,5.6759733126991355e-05,5.176813683255119e-08,4.027606313189646e-11
7,6.862082076054156e-14,1.616862614874599e-10,2.602033398605325e-07,0.0002005600304392564,0.0927983221808569,0.9977140296172401,0.010364838716904266,7.134854313712513e-05,9.978562270935539e-08,7.616952732086023e-11
8,1.9760268534774077e-13,3.843604772239865e-10,4.3328742691416885e-07,0.00030743509612244063,0.10142170971195093,0.9972434270873264,0.013470466088079825,9.043016183637946e-05,1.7251042962372838e-07,1.447979786861878e-10
9,5.057755328370622e-13,8.072875480712253e-10,7.083478533719179e-07,0.00044324844042087504,0.11036041819548381,0.996701988013377,0.016965314507657835,0.00011494503785289031,2.781931141112061e-07,2.682753053751058e-10
10,1.1787525448989059e-12,1.5620441668988965e-09,1.1274015708238905e-06,0.0006110641144617891,0.11960227560747667,0.9960827583866753,0.02084188596728376,0.0001459597776349498,4.2734807592479425e-07,4.794819991052996e-10
11,3.2388720150848197e-12,4.508101516290301e-09,1.7430062506217274e-06,0.0010459240607120282,0.12913459863774684,0.9953137197908254,0.029725496815900247,0.0001846644120971669,8.791879666970367e-07,8.256988575869851e-10
12,6.691007019215177e-12,7.137440972636059e-09,2.749746160377752e-06,0.0013172182578706487,0.1389234984638963,0.9945009395254941,0.03471802337287752,0.00023688578215273762,1.2063956055881209e-06,1.4853442462769201e-09
13,1.2970357937811085e-11,1.1190840333785128e-08,4.151271141922745e-06,0.0016312186370144065,0.14897393045038573,0.9935859107632219,0.040060184242687126,0.00030063339891061745,1.6367337366437536e-06,2.502413131623762e-09
14,2.3853872752555595e-11,1.729140838191983e-08,6.048493521690892e-06,0.001991294664583499,0.15927226897268315,0.9925609048614671,0.04574198532977724,0.0003775732560700735,2.1966542426132975e-06,4.019277751194667e-09
15,4.202845325601968e-11,2.6267414259023657e-08,8.557789922492862e-06,0.00240088298360884,0.16980461882774714,0.9914181372887038,0.05175298957284426,0.00046947928719689736,2.9177105595381305e-06,6.2232478491503574e-09
16,7.145573728221631e-11,3.919852576728029e-08,1.1812161337856611e-05,0.00286348070078154,0.1805568476425501,0.9901498083999897,0.05808234422977625,0.0005782292831082645,3.837196622864232e-06,9.357715282433422e-09
17,1.1785170173736532e-10,5.746838335110583e-08,1.5962404966826942e-05,0.0033826384462786,0.19151461849669568,0.9887481445341295,0.06471880890498954,0.0007058005902030986,4.9988181409694085e-06,1.373534143728308e-08
18,1.8930075713558387e-10,8.282391538688673e-08,2.117829462431261e-05,0.003961953215010546,0.20266342264546922,0.9872054392461224,0.07165078421568538,0.0008542655942149099,6.453394066625309e-06,1.9753524143720917e-08
19,2.9703824289934643e-10,1.1744180378368137e-07,2.7649766480229467e-05,0.004605060998812461,0.21398861223042687,0.9855140944881637,0.07886634099225834,0.0010257869942538523,8.259586051491356e-06,2.7912396529485072e-08
20,4.5642671359044116e-10,1.640024985099572e-07,3.55881068125455e-05,0.005315629219959631,0.22547543286586083,0.9836666615530815,0.0863532499072492,0.0012226128724091498,1.0484653574912814e-05,3.883561409823088e-08
21,6.881671570013981e-10,2.2577217776468064e-07,4.522713840523941e-05,0.006097348977271096,0.23710905599122936,0.9816558815953881,0.09409901142690238,0.0014470715646253056,1.320523236118313e-05,5.3294199112859234e-08
22,1.0197796286414232e-09,3.066930390486477e-07,5.6824402166064756e-05,0.006953927116946437,0.2488746108818521,0.9794747255474736,0.10209088597950372,0.001701566339021108,1.650813361614295e-05,7.223371265706069e-08
23,1.4874013699263153e-09,4.114823027744947e-07,7.066233049795319e-05,0.00788907814117622,0.2607572162128748,0.9771164332514451,0.11031592423528713,0.001988569888310486,2.0491161545984374e-05,9.680503678766411e-08
24,2.137949321459773e-09,5.457402933984202e-07,8.704940890888242e-05,0.008906515968444221,0.272742011074623,0.9745745516310955,0.1187609973937548,0.0023106186434834913,2.5263946546759266e-05,1.2839904784502532e-07
25,3.0316975345703856e-09,7.160679513673877e-07,0.00010632132231033039,0.010009945560319814,0.28481418534105957,0.9718429717331374,0.12741282737578125,0.0026703069164318565,3.0948791394939764e-05,1.6868546786965561e-07
26,4.245334460900398e-09,9.301941214703881e-07,0.00012884208242806234,0.011203054430410513,0.2969590092970295,0.968915964472346,0.13625801681984526,0.0030702808797475564,3.768152770808773e-05,2.1965618578094667e-07
27,6.3305035727648686e-09,1.497502906392216e-06,0.00015500513252345778,0.01384324747475313,0.30915286142317266,0.9650053673014543,0.15453651690885542,0.0035132321756507225,5.429442323105862e-05,2.836791690587327e-07
28,8.786769193370909e-09,1.8659062661294259e-06,0.00018690341329251567,0.015294682062350582,0.3213314888500585,0.9616110666131926,0.16394600380820962,0.0040182052866994476,6.441058946649005e-05,3.7127497213041607e-07
29,1.2902832263718263e-08,2.8122078097273796e-06,0.0002236267986669625,0.018471206203918174,0.3335218265592762,0.9569986291248629,0.1832500087502777,0.004573749026499694,8.885882772757476e-05,4.80050223829567e-07
30,1.7608448747562528e-08,3.4113596301357327e-06,0.000267745975685426,0.020200280659253556,0.34566297098421567,0.9531098690471566,0.19312001064789058,0.00520069908576075,0.00010348397773243539,6.255184824679341e-07
31,2.3698227714903733e-08,4.129995467446069e-06,0.0003181036426889408,0.02203778824742952,0.3577997022241706,0.9490018014059544,0.2030962063776791,0.00588618159865704,0.00012025664081689722,8.040186499892423e-07
32,3.150134885863718e-08,4.987967305304339e-06,0.0003753000876283899,0.023986916668806372,0.3699185991795048,0.9446720981121026,0.21316503648864366,0.006633156312139516,0.0001394287421588537,1.0214307269875127e-06
33,4.141328365695741e-08,6.007695587477859e-06,0.0004399711447278354,0.026050769355437715,0.38200650819529636,0.9401190321096196,0.22331305656713055,0.007444580298593884,0.00016127311504621667,1.2844896482363036e-06
34,5.39065957689786e-08,7.214399139914646e-06,0.00051278893351205,0.028232357018506137,0.3940505628990416,0.9353414955328127,0.2335269615133354,0.008323400720589121,0.0001860843692186072,1.600880868098673e-06
35,6.954312204141366e-08,8.636336905667293e-06,0.0005944625437162518,0.030534589274153142,0.4060382026843208,0.9303390153598396,0.24379360876956765,0.00927254754441005,0.00021417973928418806,1.9793433088678486e-06
36,2.4834225039846385e-07,1.1147791005481678e-05,0.001502424686730891,0.03322350730942741,0.501541572083739,0.8949644154630828,0.25338875902037755,0.018871716300762193,0.0002574969143456967,6.854207107553502e-06
37,2.921978835014588e-07,1.4125206790541037e-05,0.0016503557366796516,0.036057985684350875,0.513220927125113,0.8884184087164088,0.2630422342856027,0.020323629134273397,0.00030668030574414635,7.747623069407194e-06
38,3.4567722406936554e-07,1.7623470179430834e-05,0.0018117690207699899,0.03904016971965316,0.524749023846958,0.8816618818540997,0.2726869620726416,0.021856597214189154,0.00036222707718434096,8.785443647679206e-06
39,4.104631743057581e-07,2.170224491661089e-05,0.0019876167460767557,0.042172410325188925,0.5361164404510873,0.8746997798623242,0.2823117651699502,0.02347276862218479,0.00042466036509262225,9.987474495764692e-06
40,4.885090333087851e-07,2.6426555245855435e-05,0.0021788942756944345,0.045456877027923996,0.5473141903022866,0.867537702762997,0.2919057424039133,0.025174221220619596,0.0004945296632151901,1.1375857391026466e-05
41,5.820703697221686e-07,3.1867125175787004e-05,0.0023866403405200607,0.04889555047108974,0.5583337249243333,0.8601818950049219,0.3014582807953146,0.026962956450451565,0.0005724111661295839,1.2975255880442425e-05
42,6.937398556402776e-07,3.8100729693359736e-05,0.002611937159413015,0.052490215243155475,0.5691669355558707,0.8526392322833063,0.31095906650565347,0.0288408932477234,0.0006589080649776873,1.4813049226986903e-05
43,8.630178969892998e-07,5.292718123134017e-05,0.002855910277911841,0.060113785498884305,0.5796883687130551,0.8428473531999887,0.3299134881118688,0.030809820887603104,0.0008568688172330561,1.6920786388130104e-05
44,1.0344405391482314e-06,6.164957318553271e-05,0.003129131671284523,0.06414259780159351,0.5900170046715291,0.8349180702426654,0.33932017675683784,0.032905675234591786,0.0009692383855290734,1.949415332311781e-05
45,1.2364757393904198e-06,7.147834332222001e-05,0.0034242218961644945,0.06833021310579285,0.6001363464365775,0.8268301020447933,0.3486394688852749,0.03509781206061543,0.0010924555098646095,2.2429463818657304e-05
46,1.4737910417235923e-06,8.252221625099767e-05,0.0037424691404054572,0.07267738784745145,0.610040171043605,0.8185928792341559,0.35786249807023474,0.03738776412427044,0.0012272441596950288,2.5769305235095666e-05
47,1.751643623269971e-06,9.489814212898217e-05,0.004085203520439186,0.07718465241601027,0.6197226784174008,0.8102163500440751,0.36698073969320494,0.03977694968070725,0.0013743562880296175,2.956017536331166e-05
48,2.075939259225386e-06,0.00010873172129459473,0.004453796503413908,0.08185230681788067,0.6291784851473411,0.8017109524657813,0.37598601422332756,0.04226666743566715,0.0015345717845435516,3.385272782601166e-05
49,2.4532957513726913e-06,0.0001241576379360012,0.004849660218648695,0.08668041682243795,0.6384026172641126,0.7930875845203347,0.3848704894334611,0.044858091732199186,0.001708698364331199,3.870202510119569e-05
50,2.8911110361652743e-06,0.00014132010222540773,0.005274246656531501,0.09166881060617517,0.6473905020920784,0.7843575727792496,0.39362668159358105,0.04755226798395099,0.0018975713905076369,4.4167798959605885e-05
51,3.3976361907869432e-06,0.0001603733003055879,0.0057290467531812194,0.09681707590927208,0.6561379592540282,0.7755326392697178,0.4022474556855897,0.05035010836840103,0.0021020536289790373,5.031471807986075e-05
52,3.9820535573925705e-06,0.0001814818514701073,0.006215589359395527,0.10212455771733844,0.6646411909072953,0.766624866906372,0.41072602468685376,0.0532523877928129,0.0023230349338226345,5.721266257647253e-05
53,4.654560206984521e-06,0.0002048212718339023,0.006735440092619428,0.10759035647953494,0.6728967712919327,0.757646663596904,0.419055947972747,0.056259740145051876,0.0025614318618429146,6.493700514718017e-05
54,5.426456965155576e-06,0.00023057844374631985,0.007290200070891603,0.11321332687263343,0.680901635672987,0.7486107251734806,0.4272311288910532,0.05937265484069786,0.0028181872150029683,7.356889851717021e-05
55,6.310243221664007e-06,0.0002589520901540465,0.007881504527958652,0.1189920771188918,0.6886530687597137,0.7395299973058387,0.4352458115633106,0.06259147367713928,0.0030942695095675073,8.319556882833454e-05
56,7.319717745312293e-06,0.0002901532530774031,0.008511021308990207,0.12492496886386617,0.6961486926849914,0.7304176365550816,0.44309457697011845,0.06591638800452022,0.003390672370938177,9.391061459263255e-05
57,8.470085725310614e-06,0.0003244057753208806,0.009180449246581993,0.13101011761849096,0.7033864546280798,0.7212869707296208,0.4507723383789092,0.06934743622256256,0.003708413853312572,0.0001058143108004078
58,0.00018007747360709617,0.000411434226133947,0.08785244101186175,0.13398032911490287,0.9275221270081682,0.3846561523371799,0.41287262015842285,0.3568016466432565,0.004270889780128265,0.0021281816599594593
59,0.00018603237469101596,0.0005170021141314764,0.08920019050220945,0.13906194982989345,0.9271442322565627,0.3846062381429555,0.4119363083857223,0.36046640094562316,0.004917130498208225,0.002173000132606092
60,0.00019338811302527595,0.0006426006183840436,0.09061097708294147,0.14431193664539646,0.926636661425344,0.384866514402699,0.4109210240289993,0.36406830944756186,0.005647021075685622,0.0022243175747789445
61,0.0002022053456957952,0.0007886811961791853,0.09208543315338942,0.14972508086622058,0.9259988416954003,0.3854323757447969,0.4098319814687742,0.3676042148615433,0.0064614025069652786,0.002282360326872486
62,0.00021255355429747227,0.0009557112792068476,0.09362418262715852,0.15529595784179706,0.9252300812951819,0.3862986905939667,0.40867453526921427,0.37107101055453956,0.007361025227040628,0.002347376861202547
63,0.0002245112651440307,0.0011441741605177737,0.09522783899179675,0.1610189380026069,0.9243295827798574,0.3874598209489162,0.4074541730789513,0.37446564354773304,0.008346546574840921,0.0024196379059563343
64,0.00023816627732650694,0.0013545688613517096,0.09689700332077064,0.16688819826192866,0.9232964571440587,0.38890964328179,0.4061765081764145,0.3777851174125175,0.009418528396034059,0.002499436525853747
65,0.0002536158983877631,0.001587409977228936,0.09863226224218953,0.17289773374758263,0.92212973868197,0.39064157046054915,0.4048472716555012,0.38102649506650643,0.010577434792584942,0.002587088158522264
66,0.00027096718734517984,0.0018432275027032677,0.10043418586890038,0.17904136982761726,0.9208284005055853,0.3926485745932192,0.40347230424931085,0.3841869014739325,0.011823630026065814,0.0026829306056512263
67,0.0002903372047578578,0.0021225666341814723,0.10230332569472898,0.18531277439327443,0.919391370629366,0.3949232106912713,0.4020575477916848,0.38726352625547267,0.013157376581382866,0.002787323978057459
68,0.0003118532694983527,0.002425987550222825,0.10424021246180837,0.19170547036213145,0.917817548527627,0.3974576410482032,0.40060903631838335,0.3902536262130867,0.014578833397225394,0.0029006505938633255
69,0.00033565322185123995,0.002754065168742743,0.10624535400407037,0.19821284836403924,0.9161058220693796,0.400243660228741,0.3991328868118985,0.3931545277759813,0.01608805426915613,0.0030233148290592544
70,0.0003618856925251808,0.0031073888805590285,0.10831923307212091,0.20482817957232866,0.9142550847343242,0.40327272056393143,0.39763528959614985,0.3959636293742757,0.01768498643085377,0.0031557429197991084
71,0.00047413279744252656,0.0034977523420428847,0.11899316541500704,0.21066458470604918,0.9069732899461376,0.4204035742887248,0.39302217078852775,0.40890803140335574,0.01936056651579657,0.0038895088012493545
72,0.0005089057465735214,0.003915044114319463,0.12118496877808876,0.21711768585034252,0.9045549114775823,0.4246013054162368,0.3914934560974647,0.41124008246351884,0.02112560201769035,0.004052954897898223
73,0.0005469330334165148,0.00436097396417286,0.12344518536325466,0.22365440748814647,0.9019955417410053,0.42898736308825797,0.3899830663356162,0.41346571975813046,0.022978665904751148,0.0042281721408076525
74,0.0005884155319179872,0.004836168205853527,0.12577403156818986,0.2302678929844311,0.8992943600718086,0.43355153745494246,0.38849754462926145,0.4155828300545884,0.024919146587247153,0.004415660952796045
75,0.0006335668359005487,0.0053412645461762,0.12817168738346854,0.23695124061555664,0.8964506668265148,0.43828347544874996,0.3870434222737244,0.41758938773398685,0.026946317776482254,0.004615941483627505
76,0.0006826135342837466,0.005876911617496897,0.13063829445436634,0.24369751594647426,0.8934638993998604,0.44317270641033546,0.38562720628886915,0.4194834567647967,0.02905933848430723,0.004829553075412284
77,0.001981906246144037,0.006516209048233972,0.1944850927057693,0.2420517229993436,0.8014972764271872,0.6045268623090272,0.37855093536492823,0.4418342512400604,0.03094722698795426,0.012074746015552999
78,0.002070883048802942,0.007174575991086838,0.1966182197853302,0.24612940444035394,0.7958766206579004,0.6110264289738182,0.37899884087866803,0.44148056758782445,0.03294120184541176,0.012393352485329186
79,0.002167627927279734,0.00787557401447311,0.19879999444308538,0.2502269944770643,0.7901387784714476,0.6174544714624141,0.3796274242764769,0.4409797091117292,0.03501241850517572,0.012730220224715056
80,0.002272447647956168,0.008619646127350087,0.2010295992016323,0.25433977217297427,0.7842872227273427,0.6238025521636454,0.3804406540678504,0.44033141523331376,0.03715897394280962,0.013085780111252079
81,0.0023856652370715346,0.009407230422826993,0.20330618037446352,0.258463075838626,0.7783256737148943,0.6300624855483559,0.3814421557847471,0.43953555728638705,0.039378852917565405,0.013460472083355112
82,0.002550802436479496,0.01111141466428922,0.2056242223012511,0.2671237586487237,0.7714614355181846,0.6358981442697957,0.3835901658221682,0.4385393041001833,0.04405329998960631,0.013860508418130022
83,0.0026893585525686083,0.012030621972155158,0.20806594973280093,0.27136191943488963,0.7652815504161038,0.6419036603496516,0.38506246419520396,0.4373763512974298,0.04650135070943559,0.01429201373319182
84,0.002837606928254205,0.012994693186370494,0.2105519184358699,0.2755932522493985,0.7590061134659318,0.6477966619319125,0.38673097360063974,0.43606713556975973,0.04901423947031364,0.01474442434378478
85,0.0029959525247089474,0.014004043697674563,0.21308111301773186,0.2798133865330732,0.7526398679526525,0.6535700962290798,0.3885976622851637,0.4346121806003828,0.051589445559628,0.015218222171176174
86,0.0031648166881957625,0.015059079727361088,0.21565248120675637,0.28401804540578646,0.7461877730064213,0.659217178042004,0.3906641136090836,0.43301216286817545,0.0542243554790117,0.015713892419841696
87,0.0033446371181207767,0.01616019749303192,0.21826493404805655,0.28820305058329526,0.7396549945844719,0.6647313903560106,0.39293152102961676,0.43126791575343876,0.056916266929367174,0.01623192242785185
88,0.003535867815653386,0.017307782368281954,0.22091734616439623,0.2923643269926167,0.7330468955937447,0.6701064843082711,0.3954006841612558,0.42938043370012247,0.05966239295815437,0.016772800486530882
89,0.003738979011952176,0.018502208037371418,0.22360855608295693,0.296497907085021,0.7263690251978868,0.675336478578699,0.3980720059361867,0.4273508764133081,0.06245986625881877,0.01733701463150879
90,0.0039544570750350725,0.019743835645976215,0.2263373666283973,0.3005999348466588,0.7196271073555537,0.6804156582577602,0.4009454908832921,0.4251805730691128,0.06530574361192308,0.01792505140738706
91,0.00418280439433516,0.021033012949137335,0.22910254538247804,0.30466666950776744,0.7128270286399517,0.6853385732453415,0.40402074453967324,0.4228710265126385,0.0681970104572783,0.01853739460833864
92,0.004424539241989335,0.022370073457562627,0.2319028252103508,0.3086944889522277,0.7059748253922812,0.6901000362351469,0.4072969740038996,0.420423917418132,0.07113058558614756,0.019174523997058456
93,0.004680195609916129,0.023755335583462104,0.23473690485344928,0.3126798928301128,0.6990766702641906,0.6946951203391035,0.41077298963543396,0.41784110838425026,0.07410332594242197,0.01983691400457386
94,0.004950323021751618,0.025189101787127337,0.23760344958874854,0.31661950537658984,0.6921388582065411,0.6991191564058874,0.4144472078997625,0.4151246479360796,0.07711203152153973,0.020525032413512702
95,0.005235486318727982,0.026671657725491276,0.24050109195399588,0.32051007794128356,0.6851677919635902,0.7033677300869382,0.41831765535389925,0.41227677440456373,0.08015345035584148,0.02123933902751404
96,0.005536265418599158,0.028203271403930658,0.24342843253835103,0.3243484912328711,0.6781699671333062,0.7074366787022683,0.42238197376198244,0.40929991965305346,0.0832242835750216,0.02198028432954609
97,0.009944408478893685,0.029950592758778576,0.2916697327625478,0.3187026697917204,0.5617491663149602,0.7877162556255277,0.44414205499306664,0.3482353963870608,0.0854826029856029,0.03653396688430843
98,0.010364735439786258,0.03160679822751017,0.293989715401593,0.32071113838585213,0.5545403822655196,0.7893746693614553,0.4504711490362127,0.34426387125213387,0.08792865769382321,0.037431330771556255
99,0.010806791212190388,0.03331715739675392,0.2963125442666849,0.32266524621674103,0.5474010656196231,0.790807675744377,0.45697302042202936,0.34019279353775417,0.09037827160410052,0.038353900436485865
100,0.011271168679316492,0.03508154994635169,0.29863661772137573,0.324563998981566,0.540337456763843,0.7920141687767827,0.46364058860713303,0.33602685809753163,0.09282850049687039,0.039301739261035425
101,0.011758469876420844,0.03689982414712404,0.3009603287359301,0.3264065158678918,0.5333556353679971,0.7929932069932625,0.47046649086520187,0.3317709779459509,0.0952764012614268,0.04027489064409775
102,0.012269305333123476,0.03877179631889046,0.30328206642462846,0.328192028595425,0.5264615071671193,0.7937440128754367,0.4774431024193753,0.327430283727018,0.09771903666373273,0.04127337716340768
103,0.01280429338396245,0.040697250320685774,0.3056002176054191,0.32991988030165786,0.5196607913448769,0.794265972786409,0.484562557215017,0.32301012265081214,0.10015348009505913,0.04229719976403268
104,0.01336405944733434,0.042675937074505454,0.30791316837971894,0.3315895242773234,0.5129590085568378,0.794558637417964,0.49181676925057194,0.3185160568721857,0.10257682029399375,0.043346336976049275
105,0.013949235273051835,0.044707574123875854,0.31021930573014167,0.3332005225575106,0.5063614696287287,0.7946217227389274,0.49919745438190294,0.31395386128757286,0.10498616603470343,0.0444207441639703
106,0.014560458158832024,0.04679184522850807,0.312517019133919,0.3347525443742174,0.49987326496153084,0.7944551114285052,0.506696152513495,0.3093295207277241,0.10737865077468665,0.045520352810465535
107,0.015198370136116387,0.048928399996258094,0.31480470218975104,0.3362453644760339,0.49349925467193495,0.7940588547738944,0.5143042500884232,0.30464922652626286,0.10975143725562475,0.0466450698368892
108,0.015863617125711608,0.05111685355356642,0.317080754255828,0.3376788613205329,0.48724405949316146,0.7934331750072033,0.5220130027878062,0.2999193724461321,0.1121017220513166,0.047794776963089716
109,0.01655684806383268,0.05335678625551225,0.3193435820967568,0.33905301514485187,0.48111205245774225,0.7925784680525652,0.5298135583498333,0.2951465499484152,0.11442674005706982,0.048969330108937476
110,0.017278713999223302,0.055647743436562785,0.32159160153711464,0.34036790591982174,0.47510735138028887,0.7914953066504653,0.5376969794181475,0.2903375427904762,0.11672376891531269,0.05016855883995427
111,0.0180298671621246,0.05798923520305183,0.32382323911938243,0.3416237111928956,0.4692338121548163,0.7901844438226822,0.5456542663296162,0.28549932094304514,0.11899013337257613,0.05139226585937543
112,0.0188109600059615,0.060380736268365334,0.3260369337639903,0.3428207038249925,0.4634950228776312,0.7886468166378588,0.5536763797520918,0.28063903381861566,0.12122320956339405,0.052640226548911026
113,0.019622644222714276,0.06282168583175747,0.3282311384292374,0.3439592496262601,0.4578942988033492,0.7868835502346505,0.5617542630838573,0.27576400280641017,0.12342042921704868,0.05391218856040607
114,0.02046556973304539,0.06531148750166096,0.3304043217688717,0.345039804895651,0.4524346781381543,0.7848959620566305,0.5698788645279407,0.27088171311211445,0.12557928378346536,0.05520787146052348
115,0.02166882999921572,0.0704075790764787,0.3324636453521217,0.3476011910948445,0.44670265280700483,0.7783924172572225,0.5853542261740359,0.26584477045278754,0.12985993524466258,0.05660202310552599
116,0.02259837743008365,0.07304186217197182,0.334612840738533,0.348574669544333,0.4415984429227843,0.7758461311377597,0.5935116184681678,0.26094192094696395,0.13194690673743403,0.05796167935136096
117,0.023561487895876004,0.07572225236841025,0.33673625042991917,0.34949143898224017,0.4366425317936619,0.7730824276889131,0.6016826148341289,0.2560597675273248,0.13398656670065628,0.05934422167778143
118,0.02455879764223793,0.07844799404845507,0.3388324305917581,0.35035230853290894,0.4318367152062572,0.7701035938852898,0.6098585204968364,0.25120645023958527,0.1359766898511665,0.06074924853260883
119,0.02559093514243633,0.08121829672143271,0.3408999617195653,0.3511581635386238,0.427182505338537,0.7669121352653996,0.6180307600748677,0.24639021574263573,0.13791513270368264,0.06217632893218153
120,0.026658519951348908,0.08403233525036492,0.34293745022742866,0.35190996260825863,0.4226811317522312,0.7635107800575057,0.6261908953399314,0.24161940467141632,0.1397998371170384,0.06362500247782615
121,0.02776216154537361,0.0868892501273983,0.34494353001840844,0.3526087346034101,0.41833354314973153,0.7599024831138931,0.6343306420808323,0.23690243838796401,0.14162883374079432,0.06509477943901343
122,0.028902458150186973,0.08978814779791389,0.34691686403481414,0.3532555755661542,0.41414040987461276,0.7560904295990771,0.6424418860145751,0.2322478051463466,0.14340024536119142,0.06658514090447908
123,0.030523456896944377,0.09566741308314416,0.34871054033935095,0.3549523329238662,0.40979098690843874,0.7466330841497388,0.657874989857843,0.22751966215918545,0.1468643082814003,0.06820825585283463
124,0.03176238158581888,0.09868893121595841,0.3506251093700562,0.35549971077559944,0.40597030770690506,0.7423180164351721,0.665823574360781,0.22301160117101476,0.14851443691678054,0.06975150728210452
125,0.03304003612746838,0.10174861796307426,0.35250293280503503,0.355998574087064,0.4023032734085709,0.7378134344234307,0.6737154645640445,0.21859652092636023,0.1501004503177154,0.07131370990497146
126,0.034356959880169756,0.1048454322686988,0.35434282132538397,0.356450262959692,0.3987893905489643,0.7331236547241275,0.6815435704885192,0.21428307087949164,0.15162088955446998,0.07289422529266608
127,0.03571367431932682,0.1079783020281575,0.35614362241901587,0.35685616763727657,0.3954279143850377,0.728253237489124,0.6893010417218032,0.21007988182645085,0.15307440525791563,0.07449238745398262
128,0.037110681834737695,0.11114612472789925,0.3579042217490869,0.35721772518162037,0.3922178554560431,0.7232069869992296,0.6969812758094269,0.20599554893773853,0.15445976030785316,0.07610750343147873
129,0.03854846453289398,0.11434776813327789,0.3596235444883603,0.35753641612018616,0.38915798666786133,0.7179899516401075,0.7045779254328745,0.20203861448924648,0.15577583241602297,0.07773885397157843
130,0.040027483046925674,0.11758207102370986,0.36130055661778804,0.35781376106977836,0.38624685086582283,0.712607423229636,0.7120849043659384,0.19821755034078611,0.15702161660345146,0.0793856942686481
131,0.04154817535686421,0.1208478439747173,0.3629342661876459,0.3580513173403479,0.38348276886022065,0.7070649356622527,0.7194963922071058,0.194540740213548,0.1581962275716853,0.08104725478293894
132,0.043110955622945264,0.12414387018628481,0.3645237245395928,0.35825067552306006,0.380863847868062,0.7013682628392364,0.726806837891674,0.19101646181958998,0.15929890196732846,0.08272274213212819
133,0.044716213034712654,0.12746890635687194,0.3660680274880384,0.35841345606680913,0.3783879903341038,0.6955234158575933,0.7340109619933763,0.187652868898027,0.16032900053913543,0.08441134005601278
134,0.0463643106787201,0.13082168360233648,0.36756631645926424,0.358541305847449,0.3760529030939412,0.6895366394340934,0.7411037578312276,0.18445797321391758,0.16128601018672356,0.08611221045374126
135,0.04805558442765334,0.13420090841894047,0.3690177795867419,0.3586358947340496,0.373856106841761,0.6834144075450203,0.748080491403152,0.18143962657694904,0.162169545899729,0.087824494492788
136,0.04979034185371035,0.13760526368951914,0.3704216527611504,0.35869891215659083,0.37179494586544193,0.6771634182663894,0.75493670017364,0.1786055029378862,0.16297935258599544,0.0895473137887017
137,0.051568861169085954,0.14103340973181602,0.3717772206336063,0.35873206367955635,0.36986659801185745,0.6707905878036916,0.7616681907482337,0.17596308062135899,0.1637153067871005,0.09127977165447908
138,0.05339139019640589,0.14448398538789103,0.37308381757064196,0.3587370675859691,0.3680680848456139,0.6643030437045832,0.7682710354729543,0.17351962475392135,0.16437741827922525,0.09302095441823872
139,0.0552581453719417,0.1479556091534329,0.37434082855951745,0.3587156514764991,0.36639628196496465,0.6577081172524135,0.7747415680018891,0.1712821699464234,0.16496583155706276,0.0947699328076887
140,0.057169310784418885,0.15144688034571469,0.3755476900624481,0.3586695488883247,0.3648479294392757,0.6510133350429627,0.781076377881033,0.16925750328957478,0.16548082719811993,0.09652576339970466
141,0.059125037252195645,0.15495638030885053,0.37670389081837297,0.3586004959385112,0.36341964233321666,0.6442264097512528,0.7872723042010105,0.1674521477211619,0.1659228231044247,0.09828749013315735
142,0.0618588032894054,0.16194722967190048,0.3775037774251703,0.3588001514254939,0.362022028874242,0.6300832653979327,0.7990905581517498,0.16583623208889156,0.1666963736358173,0.10029973727137796
143,0.0639284830619418,0.16551042755082,0.3785481509189668,0.358688153068001,0.3608582944726015,0.6231068348944211,0.8048596805239927,0.16453519659098043,0.16697992315509458,0.1020717024368027
144,0.06604308152405625,0.16908627741956975,0.3795409061936065,0.3585585469329659,0.3598014022642295,0.6160689737710187,0.8104809079619612,0.16347512306972006,0.1671921545249435,0.10384661601692302
145,0.06820259392916496,0.17267329571010334,0.38048177837539654,0.35841302793446667,0.35884757544944235,0.6089781286911583,0.8159521931218083,0.16266121809898829,0.16733407697566305,0.10562349307157588
146,0.07040697791893923,0.17626998848835473,0.38137055794177754,0.35825327650414757,0.35799297037878486,0.601842864108591,0.8212716868259508,0.1620983398901464,0.1674068422940255,0.10740134479578534
147,0.07265615291053394,0.17987485286216887,0.3822070911354312,0.3580809555443074,0.35723368678042944,0.5946718481020673,0.826437726967173,0.1617909852528349,0.1674117452038327,0.10917918036774395
148,0.07494999954092851,0.18348637841340446,0.3829912803161616,0.3578977074418282,0.3565657778515498,0.5874738376017622,0.8314488270002044,0.16174327733328023,0.1673502235914205,0.11095600884153305
149,0.07728835917044986,0.18710304865220584,0.3837230842493884,0.35770515114785495,0.35598526018967647,0.5802576630499768,0.8363036640991074,0.16195895417550568,0.1672238585702167,0.11273084108131846
150,0.07967103344741512,0.19072334249135417,0.3844025183301499,0.3575048793281243,0.35548812354158926,0.5730322125420074,0.8410010670598039,0.16244135814807342,0.16703437437814478,0.11450269173360708
151,0.08296807465268179,0.19787319377153773,0.38464088755660564,0.35737497319778366,0.3550476375325233,0.5584936396247075,0.8500170385406796,0.16322078477806418,0.16655707140744702,0.11661219279225613
152,0.08546095607174933,0.20150632784180686,0.38520213224534755,0.357163266769347,0.3547228289527758,0.551309004265323,0.8542580644101457,0.1643050943145361,0.16623619590408514,0.11837027889621313
153,0.08890387651515616,0.20866478537911912,0.3852990918293287,0.3569920522365614,0.3544540898484011,0.5369659862448484,0.8624229829176117,0.1657069836467488,0.16549957332106496,0.1204945260139025
154,0.09150402478367543,0.2122982978274513,0.385743390807525,0.3567756211522703,0.3542767519446425,0.5298915915399338,0.8662094299515186,0.1674078969437616,0.16505806120349917,0.12223348796012516
155,0.09414668250199058,0.21592532163612416,0.3861374383968249,0.3565591540880084,0.3541580723838841,0.5228668535402083,0.8698362073060827,0.16939030819907258,0.1645646959903152,0.12396477498043636
156,0.09683137370162463,0.21954434781122792,0.38648165394105827,0.35634397189423755,0.35409417924853376,0.5159005638178876,0.8733029807469216,0.17165470221092788,0.16402210695308667,0.12568749911713442
157,0.0995575814612834,0.22315387576516865,0.38677651188704004,0.35613135096581133,0.3540812427571027,0.509001423398018,0.8766094623656214,0.17420111234301638,0.16343306069274194,0.12740079153446826
158,0.10232474807764087,0.22675241486510742,0.3870225413474875,0.355922521283578,0.3541154825072076,0.5021780247007491,0.8797553994602691,0.17702911884542924,0.1628004593303211,0.12910380462092552
159,0.10513227530717151,0.23033848597648787,0.3872203255908966,0.35571866456786316,0.3541931744037238,0.49543883357635066,0.8827405639483509,0.18013784830220694,0.16212733846320623,0.13079571409031154
160,0.10797952467889607,0.2339106229990025,0.38737050145792307,0.35552091254718116,0.3543106572665627,0.48879217149741044,0.8855647423752151,0.18352597420883807,0.16141686487969353,0.1324757210769551
161,0.1108658178776831,0.23746737439229532,0.3874737587039036,0.3553303453453171,0.35446433911385467,0.4822461979724296,0.8882277265774199,0.1871917186788628,0.16067233402496828,0.13414305422029033
162,0.11379043719751576,0.24100730468869191,0.3875308392672231,0.35514798998966013,0.3546507031175242,0.4758088932443905,0.8907293050560529,0.1911328552745248,0.15989716721181071,0.13579697173399868
163,0.1167526260639061,0.24452899599022693,0.387542536463348,0.3549748190434546,0.3548663132294403,0.4694880413370034,0.8930692551105467,0.1953467129522324,0.15909490856968922,0.13743676345483166
164,0.11975158962440521,0.24803104944721807,0.3875096941044268,0.35481174936434556,0.355107819477391,0.4632912135100973,0.8952473357788348,0.19983018110943843,0.15826922172627922,0.13906175286618283
165,0.18447040382204483,0.25558210662254,0.3854648803217043,0.355703959968965,0.3715752734474368,0.4532367656752757,0.8567762916823293,0.399008896696775,0.1591911891054767,0.16552386564597577
166,0.1875759157178208,0.2582893763501799,0.38455457297011864,0.35608159987789295,0.3723528131217602,0.44816805544831556,0.8562660864404872,0.40757365449156624,0.15838347443879122,0.16675749255242794
167,0.19069852944052051,0.26097263780195873,0.383609005032271,0.3564892300410211,0.3731097937260481,0.4432584955490038,0.8555494465725637,0.4162191817705238,0.15766766232190224,0.16795423464790568
168,0.19383701034810927,0.2636310155614876,0.38262964498897606,0.3569266515313637,0.3738442268747876,0.4385115557890251,0.8546269742648315,0.4249369540914114,0.1570492385538107,0.1691141766518352
169,0.19699010388642998,0.2662636610339824,0.3816180003551251,0.35739358965023,0.37455426368284134,0.4339303887955342,0.8534993978863948,0.4337183795451569,0.15653363406780219,0.17023749332128782
170,0.20015653686397683,0.26886975313142986,0.38057561598222406,0.3578896950929236,0.3752381948561611,0.42951782617002343,0.852167576753805,0.4425548139792978,0.15612621388171277,0.17132445035626542
171,0.2033350187379925,0.2714484989106146,0.379504072288828,0.358414545262125,0.37589445054969617,0.42527637551728237,0.8506325060805527,0.4514375760530473,0.15583226592218252,0.17237540513316493
172,0.20652424290806412,0.27399913416270333,0.37840498342013373,0.3589676457246733,0.37652160000135876,0.42120821834719013,0.8488953220691006,0.4603579620815079,0.1556569897491694,0.17339080726233055
173,0.20972288801341654,0.2765209239531764,0.3772799953381779,0.35954843180710505,0.37711835095061313,0.41731520884851137,0.8469573071016081,0.46930726062825145,0.15560548520819764,0.1743711989659397
174,0.2129296192301594,0.2790131631109975,0.37613078384427434,0.3601562703249629,0.3776835488499284,0.413598873530419,0.8448198949841461,0.478276766807378,0.15568274103892116,0.17531721527281685
175,0.21614308956479863,0.28147517666605326,0.3749590525355646,0.3607904614406051,0.3782161758770155,0.4100604117240636,0.8424846761982453,0.4872577962582476,0.15589362346961647,0.17622958402713398
176,0.2193619411404296,0.2839063202339892,0.3737665306977351,0.36145024064392917,0.37871534975538723,0.4067006969331726,0.8399534031128447,0.4962416987582479,0.15624286482816135,0.1771091257083404
177,0.22258480647212478,0.28630598034770965,0.3725549711361967,0.362134780850187,0.3791803223904267,0.40352027901948745,0.8372279951092608,0.505219871441337,0.15673505220089745,0.17795675306005065
178,0.22581030972818197,0.2886735747349368,0.3713261479482178,0.3628431946088121,0.3796104783277485,0.40051938720569064,0.8343105435716691,0.5141837715925269,0.1573746161715199,0.17877347052604564
179,0.2290370679740375,0.2910085525413526,0.370081854238731,0.3635745364169725,0.3800053330402651,0.3976979338755496,0.8312033166956703,0.5231249289910569,0.15816581967277055,0.17956037349194923
180,0.23226369239584252,0.2933103944989935,0.36882389978274693,0.36432780513137775,0.3803645310499843,0.39505551914815407,0.8279087640679613,0.5320349577776754,0.15911274698423067,0.18031864733159375
181,0.2589719108294487,0.2979596283065454,0.3567936140361912,0.3684325508828959,0.38525032438312845,0.39149804015947565,0.7752731342829886,0.6272814880685159,0.1640778314701414,0.17736086301764434
182,0.2619025165030444,0.299835284537982,0.35543402885669184,0.36941567702285444,0.3854734812695403,0.3896352154948348,0.7704060219238741,0.6353608210484094,0.1659813472019833,0.17790829648650877
183,0.2648224261554642,0.3016801496098746,0.3540721985407825,0.37041464040708344,0.3856589569281344,0.38792867537870446,0.7653848995336933,0.6433306107106977,0.1680815391141542,0.17843196883346393
184,0.267730324954968,0.30349399076534006,0.35270991951008324,0.37142805535039086,0.38580726580544844,0.38637598635560916,0.7602148142197153,0.6511844115517872,0.1703806184408902,0.17893369603179626
185,0.2706248997382828,0.30527660043499527,0.351348985776452,0.3724545031121299,0.3859190260839445,0.38497449376759774,0.7549010126783253,0.6589159555984562,0.17288049657932908,0.17941538098570772
186,0.2735048398488145,0.3070277959127499,0.34999118644375743,0.37349253488223144,0.38599495650761567,0.3837213316044784,0.7494489379757457,0.6665191559235388,0.1755827772531178,0.17987901074061738
187,0.27636883794835915,0.3087474189939461,0.3486383031960248,0.3745406747916535,0.3860358730984975,0.38261343269441933,0.7438642256809314,0.6739881096445551,0.17848874928742658,0.1803266534897397
188,0.279215590803072,0.31043533557731195,0.34729210777659386,0.37559742294048903,0.3860426857671079,0.38164753919591876,0.738152699341055,0.6813171004255402,0.1815993800266102,0.18076045538171745
189,0.2820438000447456,0.31209143523227134,0.34595435946302283,0.3766612584370638,0.3860163948197387,0.3808202133519414,0.7323203652933614,0.6885006005044262,0.18491530942414564,0.1811826371346618
190,0.28485217290880716,0.31371563073330355,0.3446268025426202,0.37773064244154997,0.3859580873655743,0.3801278484670773,0.7263734068105928,0.6955332722703219,0.18843684483271278,0.18159549046252574
191,0.2876394229507604,0.31530785756314106,0.343311163793567,0.3788040212077703,0.385868933626611,0.3795666800687519,0.7203181775805669,0.7024099694167075,0.19216395652039744,0.18200137432030894
192,0.2904042707431252,0.31686807338670564,0.34200914997669823,0.3798798291170727,0.3857501831534496,0.3791327972139086,0.714161194524012,0.7091257376981926,0.19609627393696363,0.18240271097515615
193,0.2931454445552445,0.318396257497777,0.34072244534306195,0.3809564916983395,0.3856031609501164,0.37882215390310675,0.7079091299581837,0.7156758153198193,0.20023308275199003,0.18280198191096284
194,0.29586168101863974,0.31989241024049125,0.3394527091624613,0.3820324286284449,0.38542926351124795,0.37863058056469795,0.7015688031172594,0.7220556329890545,0.20457332268438913,0.18320172357464048
195,0.3110807686182674,0.3233408639028489,0.3309616389196594,0.3851675270272331,0.38528794552376827,0.3786457635787487,0.6553552217331198,0.7662447788457992,0.21242392866319887,0.17709710488494956
196,0.31349626097743283,0.32458744882081664,0.3297894491539206,0.3862667524794895,0.3850266709638854,0.3787829930643662,0.6485682994263348,0.7714654221300966,0.2175886693064524,0.17750657239813852
197,0.3158797763721587,0.3258049156645852,0.3286420643473459,0.38735737280212557,0.3847459216326677,0.37900970903274533,0.6417485557766629,0.7764922937040039,0.22295574115425945,0.17792803109794858
198,0.31823016777649615,0.3269933871577284,0.3275208742501116,0.38843784844967927,0.3844473974393877,0.3793213972635566,0.6349038450852832,0.781322472030164,0.22852177167086718,0.17836425293402564
199,0.32054630030100917,0.3281529997200834,0.3264272285299158,0.38950665428188713,0.3841328363337615,0.3797135119006334,0.628042058976217,0.7859532036341984,0.23428303467732733,0.17881803871181545
200,0.32282705193003314,0.32928390286292913,0.3253624347901993,0.39056228213289607,0.3838040099007746,0.38018148570363425,0.6211711122628946,0.790381900771912,0.24023545557590903,0.17929221287442268
201,0.32539224012390155,0.33109162236207434,0.32443696503208347,0.3923164446812375,0.3832393530079483,0.38127772259173126,0.6141091135802367,0.7936172933062957,0.2521360948146057,0.18152314349303192
202,0.3276046533446203,0.33216456269835715,0.32344942453877534,0.3933257382859551,0.38288137620750207,0.3819434601372945,0.607256882101853,0.7975607190629828,0.25857298703910264,0.18206392440170813
203,0.3297778391348489,0.33320905788027555,0.32249514764016657,0.39431652934128947,0.3825158790447884,0.3826693850018588,0.6004209463251129,0.801293908261856,0.265181796694453,0.18263579699935822
204,0.33191073733611315,0.334225310306007,0.32157523531768706,0.3952874153010604,0.38214474026941525,0.38345092588163315,0.5936091143704484,0.8048149598488354,0.27195695425709426,0.18324162607455502
205,0.3340023055515701,0.3352135325227756,0.3206907364123185,0.396237023931351,0.38176984738948144,0.38428354169854845,0.5868291397191949,0.8081221309527661,0.27889258996096294,0.18388426817766937
206,0.33605152015332607,0.336173946665405,0.3198426461364886,0.3971640154533283,0.38139309211242617,0.3851627301129007,0.5800887061016917,0.811213835510755,0.28598254462994926,0.1845665661259631
207,0.338057377349026,0.33710678391180243,0.3190319046788997,0.39806708461122636,0.3810163657935641,0.3860840357063792,0.5733954123971586,0.8140886431051534,0.2932203812794646,0.18529134352059554
208,0.3598412863450022,0.34326054514434245,0.3069647338423001,0.4021724082654516,0.3782108138581525,0.38774859214957175,0.48915106097082417,0.8608290481883776,0.3070559968598664,0.17287350140851415
209,0.36114340840352843,0.34385925609296797,0.30652597177887675,0.4029053318564456,0.3778698402534868,0.38856380429223714,0.48348523726912984,0.8617136933016325,0.3150689653539277,0.17400056970189437
210,0.3623941378718293,0.34443632557948023,0.30612825610136435,0.40360621969666877,0.3775417360136523,0.3893807063992262,0.4779609709873347,0.8623866022403576,0.3231922778356161,0.17518754072265066
211,0.36359282786894054,0.3449920240402147,0.305771844108166,0.40427423404412693,0.3772280236879145,0.39019607403486106,0.4725838146332977,0.8628477272982317,0.33141738881621896,0.17643685888217897
212,0.3647388697969131,0.34552662604481116,0.30545693501981813,0.4049085854682394,0.3769301794647766,0.39100680017943745,0.4673590280767645,0.8630971334775774,0.3397355999781847,0.17775091517330174
213,0.3658316955337702,0.34604041031424776,0.3051836699864674,0.40550853381972934,0.37664962975952415,0.39180989870841865,0.4622915684908985,0.8631350017095863,0.34813807868688545,0.1791320423701634
214,0.36687077970471954,0.34653365976661826,0.3049521321981158,0.40607338912296337,0.37638774792799284,0.39260250755618425,0.4573860810826124,0.862961632457073,0.35661587681329193,0.18058251035275966
215,0.3678556420287985,0.3470066615897218,0.30476234709693817,0.4066025123909214,0.3761458511145035,0.3933818915713393,0.4526468906420258,0.8625774496731846,0.3651599498093637,0.18210452156815274
216,0.3687858497374847,0.34745970733935067,0.30461428269068663,0.40709531636300866,0.3759251972416331,0.39414544507104554,0.448077993938069,0.8619830050863572,0.373761175976931,0.18370020663999248
217,0.3696610200611598,0.3478930930620019,0.3045078499659285,0.4075512661659434,0.37572698214921824,0.3948906941022254,0.4436830529838708,0.8611789827787962,0.38241037587003296,0.185371620137487
218,0.37048082277865635,0.34830711944057546,0.3044429033995954,0.4079698798979721,0.37555233688966133,0.3956152984177778,0.43946538919206163,0.8601662040229557,0.3910983317701424,0.18712073651444383
219,0.3712449828244296,0.34870209196144547,0.30441924156704714,0.408350729136654,0.37540232518623556,0.3963170531761487,0.4354279784365724,0.8589456323378756,0.3998158071733393,0.18894944622843196
220,0.3719532829472383,0.3490783211011564,0.30443660784461374,0.4086934393704748,0.3752779410607084,0.3969938903727225,0.4315734470338735,0.8575183787248578,0.4085535662284468,0.1908595520495118
221,0.37260556641353126,0.34943612253083145,0.30449469120431544,0.4089976903545326,0.375180106636162,0.39764388001155554,0.427904068652954,0.855885707039804,0.4173023930652492,0.19285276556732095
222,0.37320173974805526,0.3497758173362462,0.30459312709823083,0.40926321639052893,0.375109670120432,0.398265231025935,0.42442176215965194,0.8540490394576481,0.4260531109523354,0.19493070390462278
223,0.3737417755035355,0.35009773225138224,0.3047314984297453,0.40948980653128164,0.3750674039750993,0.39885629195614697,0.4211280903972758,0.8520099619826571,0.43479660122470776,0.19709488664469557
224,0.37422571505061747,0.35040219990315996,0.3049093366087065,0.4096773047099752,0.3750540032744574,0.3994155513926947,0.418024259901804,0.849770229957017,0.4435238219221813,0.1993467329791831
225,0.37465367137859995,0.3506895590649207,0.30512612268728956,0.4098256097943165,0.37507008425832883,0.3999416381929612,0.4151111215463133,0.8473317735190459,0.45222582608067463,0.20168755908224156
226,0.3750258318968712,0.35096015491614574,0.3053812885732011,0.40993467556578694,0.3751161830820594,0.4004333214790687,0.4123891721057459,0.8446967029615442,0.4608937796198409,0.2041185757159988
227,0.37534246122633463,0.3512143393057859,0.30567421831665587,0.41000451062411924,0.3751927547664201,0.4008895104243343,0.409858556729603,0.841867313940317,0.46951897877200316,0.206640886071506
228,0.37560390396954135,0.35145247101652227,0.3060042494674062,0.41003517821716057,0.3753001723495738,0.4013092538353979,0.40751907230678114,0.8388460924826906,0.4780928669991735,0.20925548384849962
229,0.375810587447671,0.3516749160271891,0.3063706744979463,0.41002679599622954,0.37543872624263463,0.40169173953667314,0.4053701717034385,0.8356357197459414,0.4866070513468644,0.21196325157641852
230,0.3759630243919957,0.35188204777055865,0.30677274228888546,0.40997953569709594,0.37560862378974447,0.4020362935633716,0.40341096885163114,0.8322390764759441,0.49505331818561926,0.21476495917822477
231,0.37606181557697166,0.3520742473836472,0.30720965967236685,0.40989362274670027,0.37580998903296337,0.40234237916890264,0.40164024466340037,0.828659247117083,0.5034236482935516,0.2176612627776871
232,0.37610765238165283,0.35225190394767447,0.3076805930293033,0.40976933579572866,0.37604286268163917,0.4026095956519883,0.40005645374210624,0.8248995235254305,0.5117102312357343,0.2206527037498731
233,0.3761013192657391,0.3524154147148256,0.3081846699361264,0.40960700617718615,0.37630720228530457,0.4028376770083876,0.3986577318600895,0.820963408238523,0.5199054789990483,0.22373970801369544
234,0.3760436961461919,0.3525651853189457,0.3087209808566666,0.40940701729110063,0.3766028826085037,0.4030264904116294,0.39744190416916264,0.8168546172566546,0.5280020388439384,0.2269225855644545
235,0.3759357606600961,0.35270162996737064,0.3092885808747532,0.40916980391555535,0.3769296962053627,0.4031760345267258,0.39640649410809714,0.8125770822924533,0.5359928053376408,0.2302015302434265
236,0.37577859029916627,0.3528251716111078,0.30988649146307323,0.40889585144424373,0.3772873541910782,0.40328643766036276,0.3955487329690753,0.808134952447693,0.543870931536574,0.23357661974065635
237,0.37557336440114075,0.3529362420906714,0.3105137022838328,0.40858569505082076,0.3776754872069274,0.40335795575064765,0.39486557008312295,0.8035325952786598,0.5516298392889268,0.23704781582625942
238,0.37532136598318,0.3530352822549513,0.3111691730167576,0.4082399187803456,0.3780936465747958,0.40339097019906967,0.3943536835827689,0.7987745972140818,0.5592632286318705,0.24061496480467223
239,0.3746251380763247,0.35298535245326096,0.31242980178277224,0.4073448138137187,0.3787572380749946,0.40344285625325205,0.3939637983075619,0.7886503154948697,0.5745194931663887,0.24646539233845982
240,0.3742736329438554,0.3530533462092769,0.3131433725021751,0.40691026208945463,0.37925376185515575,0.40339170168337385,0.39381329586157876,0.7834911339717053,0.5817871855676748,0.25025168746000565
241,0.37388071284817775,0.35311086763114014,0.3138814607479314,0.4064424837477735,0.3797781946540332,0.4033042535971977,0.3938198053074009,0.7781949068462389,0.5889075533113225,0.2541327519825899
242,0.37344813250184816,0.35315839743087074,0.3146429196059811,0.4059422678849674,0.3803297540495704,0.4031814064061271,0.3939789802458694,0.7727672611789088,0.5958756924073368,0.25810791993888454
243,0.3729777563214015,0.35319642514959887,0.3154265823041042,0.40541044640028656,0.38090758780156303,0.40302416503436295,0.3942862711710012,0.7672140312381929,0.6026870142219354,0.2621764159873286
244,0.3724715588927053,0.35322544905180725,0.31623126410623154,0.4048478926331644,0.3815107760884807,0.40283364178780257,0.39473693876703575,0.7615412538371225,0.6093372484567218,0.26633735720304813
245,0.3664941996795292,0.3548829102038419,0.32314565656478117,0.4054244592103388,0.3876017212053327,0.4007341796925783,0.41648555489908495,0.7506590530531677,0.607339932438865,0.31512560158302894
246,0.3656406347256835,0.3549634965491107,0.32419837377608735,0.40464828522582247,0.3883128944680101,0.40018933853823185,0.41877348074744297,0.7445532984469464,0.6127481232246358,0.3203295457701464
247,0.3647793780088958,0.3550412782549045,0.3252568057820312,0.40385257837021304,0.3890364158834548,0.3996317407757354,0.42114795674535505,0.738380179399222,0.617992760955157,0.3256055823186077
248,0.3637316700700171,0.3551819294843834,0.3268002463628376,0.4021384544755606,0.39012677852264493,0.3986116314963516,0.4237143082250417,0.7265825778691523,0.6286163912842014,0.33231167922166804
249,0.36287353739252304,0.35524465621891804,0.32785997429029856,0.40129810372999186,0.39087821887052576,0.398040619168899,0.42623238202425107,0.7202482001835193,0.6334297847030054,0.3377485637333026
250,0.36202006546092086,0.35530671352992726,0.32892104862622457,0.400442684755562,0.3916363085765945,0.39746533327436595,0.42881425527221495,0.7138731159021473,0.6380734728150987,0.34325047836635275
251,0.3611749782150985,0.35536872526441643,0.32998220195918354,0.39957348927562775,0.3923993966095892,0.396888334815381,0.43145346700981724,0.7074648145535892,0.6425467705613778,0.3488151084781248
252,0.3603420781651042,0.35543131818307006,0.3310421803531778,0.39869181775815105,0.3931658153649487,0.3963122229696744,0.4341435905025246,0.7010308582220872,0.6468492300236645,0.3544400642812572
253,0.35952524044298423,0.3554951207630283,0.33209974484020094,0.39779897715858603,0.39393388434897264,0.39573962917841515,0.4368782454371503,0.6945788668381332,0.6509806322760979,0.3601228831712405
254,0.3587284064715354,0.3555607619552013,0.33315367286723363,0.3968962786455433,0.39470191384776715,0.39517321111885934,0.43965110964930215,0.6881165029840344,0.6549409787684229,0.3658610320546144
255,0.3579555772583903,0.35562886990157805,0.3342027596974846,0.3959850353135868,0.3954682085723984,0.39461564656973336,0.44245593036023023,0.6816514562667589,0.658730482285397,0.37165190967048156
256,0.3572108063255301,0.3557000706184093,0.33524581976590745,0.3950665598876768,0.39623107127199064,0.39406962717859606,0.44528653490459724,0.675191427312902,0.6623495575276562,0.3774928488984703
257,0.3564981922859863,0.35577498665152485,0.33628168798921704,0.39414216242388633,0.3969888063068443,0.3935378521412482,0.4481368409334682,0.6687441114430923,0.6657988113603833,0.38338111904678207
258,0.3558218710811538,0.35585423571041164,0.33730922103081973,0.39321314801114593,0.39773972317399975,0.39302302180407567,0.4510008660796072,0.6623171820851923,0.6690790327768449,0.3893139281145308
259,0.35518600789380356,0.35593842928802544,0.338327298521255,0.39228081447886365,0.39848213997806103,0.3925278312010246,0.45387273707493564,0.6559182739875521,0.6721911826244418,0.3952884250231816
260,0.3545947887535109,0.35602817127361186,0.33933482423490346,0.39134645011535896,0.3992143868404683,0.392054963537687,0.45674669831271286,0.6495549662950769,0.6751363831412429,0.4013017018125273
261,0.3540524118528363,0.3561240565660984,0.34033072722387114,0.39041133140211204,0.3999348092408154,0.3916070836357442,0.45961711984969084,0.6432347655521014,0.6779159073510748,0.40735079579730676
262,0.35356307859416797,0.3562266696958653,0.3413139629100988,0.3894767207688948,0.4006417712842302,0.39118683135174925,0.46247850484608516,0.6369650886970147,0.6805311683651806,0.4134326916812719
263,0.35313098438867335,0.3563365834629095,0.3422835141368565,0.38854386437486527,0.40133365888923606,0.3907968149849198,0.4653254964437377,0.6307532461141795,0.6829837086381639,0.41954432362621846
264,0.35276030923028867,0.3564543575995873,0.3432383921808918,0.3876139899207376,0.4020088828909474,0.39043960468926087,0.4681528840852721,0.6246064248089678,0.6852751892254038,0.42568257727422976
265,0.3524552080691148,0.35658053746626517,0.34417763772659055,0.3866883044971344,0.40266588205487885,0.39011772590595173,0.4709556092793866,0.6185316717717174,0.6874073790884448,0.4318442917221515
266,0.35221980100993683,0.35671565278827677,0.34510032180356653,0.3857679924741963,0.4033031259970636,0.3898336528324616,0.4737287708196294,0.6125358775960695,0.6893821444939604,0.43802626144805784
267,0.3520581633628837,0.35686021644264765,0.3460055466891561,0.3848542134374861,0.4039191180066018,0.38958980194535453,0.47646762946610666,0.6066257604164392,0.6912014385507528,0.4442252381902472
268,0.3519743155744523,0.3570147233030409,0.34689244677732073,0.38394810017516584,0.4045123977671769,0.3893885255941648,0.4791676121015228,0.600807850228436,0.6928672909280335,0.45043793278007443
269,0.35197221306823884,0.3571796491513278,0.34776018941547676,0.3830507567213322,0.4050815439744876,0.38923210568407357,0.4818243153747777,0.5950884736546798,0.6943817977966694,0.4566610169306858
270,0.35205573602575135,0.35735544966409893,0.3486079757107641,0.3821632564602957,0.40562517684693133,0.3891227474653963,0.48443350884701186,0.5894737392169163,0.6957471120335229,0.4628911249844887
271,0.3522286791386012,0.357542559482281,0.34943504130724334,0.3812866402964716,0.40614196052728235,0.389062573448095,0.48699113765650587,0.5839695231733699,0.6969654337271454,0.4691248556229115
272,0.352494741364186,0.3577413913718337,0.3502406571354707,0.38042191489439203,0.4066306053734567,0.3890536174596453,0.4894933247202009,0.5785814559781122,0.6980390010211597,0.47535877354274936
273,0.3528575157176916,0.35795233548325894,0.3510241301358363,0.37957005099320756,0.40708987013684067,0.38909781886463257,0.49193637249080135,0.5733149094167332,0.6989700813295314,0.4815894111040858
274,0.3533204791338088,0.3581757587173529,0.3517848039569779,0.3787319817998375,0.40751856402698,0.3891970169643972,0.4943167642894499,0.5681749844698626,0.6997609629557117,0.48781326995543317
275,0.35388698243203903,0.3584120042043001,0.3525220596304879,0.37790860146475663,0.40791554866176766,0.3893529455949216,0.4966311652348274,0.5631664999530926,0.700413947145231,0.4940268226423942
276,0.35456024041978507,0.35866139090280386,0.35323531622302284,0.37710076364417006,0.4082797399025691,0.38956722794092863,0.4988764227902374,0.5582939819786473,0.7009313405988807,0.5002265142067279
277,0.3553433221676205,0.3589242133255078,0.35392403146679113,0.3763092801520969,0.4086101095740026,0.3898413715838422,0.5010495669507448,0.5535616542806511,0.7013154484710137,0.5064087637832548
278,0.35623914149120595,0.35920074139648117,0.35458770236927145,0.3755349197056513,0.4089056870683798,0.3901767638008837,0.5031478100928319,0.548973429442253,0.7015685678748195,0.5125699662025558
279,0.35725044767422554,0.35949122044598625,0.35522586580284216,0.37477840676651436,0.40916556083502403,0.39057466713205913,0.5051685465092106,0.5445329010589779,0.7016929819137013,0.5187064936078551
280,0.3604001210439002,0.360362897813143,0.3560245544265901,0.3730564006638012,0.4097912442394357,0.39138869745202665,0.506926965330397,0.5370575529307606,0.7038820740557059,0.5248603341052267
281,0.3617123998624264,0.3606704905442106,0.3565935111210223,0.3723479843715426,0.40995547446057695,0.3919529376187949,0.5087259124848386,0.5330196414375189,0.703698130375929,0.5309038293304157
282,0.36314768219031535,0.3609928366613979,0.35713574959687333,0.371659744230436,0.4100811509044062,0.3925827823359294,0.5104396842325731,0.529140059516062,0.7033928679185661,0.5369108358094917
283,0.36470783820151326,0.3613300751141512,0.3576509917136536,0.37099219101874464,0.41016765197047306,0.3932788678600969,0.5120664875284036,0.525420863814774,0.7029684618529211,0.5428776763485932
284,0.3663945291598189,0.3616823229808744,0.358139001901629,0.37034578668301055,0.4102144211227219,0.39404168701085646,0.5136047045364976,0.5218637657475274,0.7024270497506732,0.548800660672258
285,0.3682092006175297,0.3620496764906008,0.35859958762339805,0.36972094386070453,0.41022096763345584,0.3948715868841375,0.5150528906846343,0.5184701303788042,0.7017707292313357,0.5546760872803549
286,0.37015307609443315,0.36243221219958466,0.3590325998151819,0.3691180255122667,0.41018686722042724,0.39576876693536406,0.5164097725640742,0.515240976371367,0.7010015561899856,0.5605002453862338
287,0.3722271512647381,0.3628299883215766,0.3594379333068655,0.3685373446629138,0.41011176257851567,0.3967332774414396,0.5176742456934867,0.5121769769935334,0.7001215436020927,0.5662694169459672
288,0.3698266857030081,0.3620251832240247,0.36220764267832917,0.3704226728646725,0.40561065426858023,0.4001022662908003,0.5298447956299068,0.5025283121956191,0.6773129176342866,0.6203887610295072
289,0.3726956820994462,0.36266831329196964,0.36246647777566415,0.3699676257807664,0.405324365018957,0.4014260051589305,0.5306466574580652,0.5002766087755894,0.67574642156687,0.6258096734370249
290,0.3793309283039684,0.36407228421248905,0.3626391610316747,0.36881369830661925,0.4053296476831455,0.40393691416716726,0.5309120799243203,0.4970425836499527,0.6751860335231367,0.6304311372947269
291,0.3825474634765364,0.3647301111963105,0.3628273842428335,0.3684139673279053,0.40493700824450435,0.40542991003075435,0.5314638520222431,0.49520482966921714,0.673397269634646,0.6356123263694509
292,0.3858991426854507,0.36540180997348043,0.3629888255716968,0.36803589979405743,0.4045040941691124,0.4069859952121042,0.5319204162282145,0.49352156394651797,0.671518111873233,0.6406942434925661
293,0.3873884143825612,0.3660723477398466,0.36422814147564286,0.3692259408867901,0.39990896885306,0.4104326543817525,0.5361053133605423,0.4883409871075154,0.6546998172961198,0.6743939872615694
294,0.39132149667409644,0.36690200247892046,0.36428263125528765,0.3689351249839317,0.3993300009737005,0.4122285442328989,0.5361912985576044,0.48723153652530965,0.6523939200994539,0.6789954258510883
295,0.39538475869287304,0.3677442877137751,0.36431291275324434,0.3686635970805072,0.39871398747316444,0.4140799152957662,0.5361861755867601,0.48626027354436535,0.6500099538729451,0.6834711914927912
296,0.39528024539407464,0.37191977784017805,0.36723373442204854,0.3726994756248112,0.3824154924177008,0.4218030311356691,0.5398774503260623,0.47568282494970365,0.59948911095084,0.7687133792706262
297,0.4003820253607665,0.37314920805597795,0.36708666910909404,0.3725715068645085,0.381593382314727,0.4240126241801213,0.5391632123282148,0.47569949943320966,0.5964382174018863,0.7716236994634292
298,0.4055956944319528,0.374388861867169,0.3669250071854627,0.37245405920053093,0.38074674399217684,0.4262562437157757,0.5383750387909779,0.4758063949655836,0.5933451824204041,0.7743563455882395
299,0.4109164461945753,0.3756389147868265,0.3667499405948347,0.3723464698448671,0.3798767171099964,0.42853100356985496,0.537514719752742,0.47599858983435434,0.5902122037615906,0.7769084627828442
300,0.4163392711569948,0.37689957408555447,0.36656270281763886,0.3722480570215883,0.3789844914295859,0.4308339539385033,0.5365841187368617,0.47627111165840375,0.5870415551169631,0.779277362900728
301,0.42185896750328733,0.37817108021598994,0.3663645675266115,0.37215812165638035,0.3780713049240985,0.4331620883347151,0.5355851705554312,0.47661895116381847,0.5838355892364653,0.7814605324949225
302,0.4274701523631926,0.3794537081516199,0.36615684714809,0.3720759490778665,0.37713844181058803,0.43551235066033694,0.5345198790719986,0.4770370757261814,0.5805967406047586,0.7834556406722519
303,0.4331672735606389,0.3807477686285092,0.3659408913293339,0.37200081072754665,0.37618723050635444,0.43788164237999305,0.5333903149139998,0.4775204426342691,0.5773275276474047,0.7852605467884742
304,0.4389446218018727,0.3820536092785735,0.365718085312521,0.37193196587534216,0.3752190415119607,0.4402668297745144,0.5321986131259022,0.47806401203226745,0.5740305544449467,0.7868733079543698
305,0.44479634326246925,0.3833716156431195,0.36548984821639974,0.37186866333788193,0.37423528522346744,0.4426647512512366,0.530946970754427,0.47866275949993425,0.570708511935383,0.7882921863225145
306,0.44902689892746517,0.39485028280517703,0.36627655537384424,0.3733071012289412,0.35811467694649285,0.44910331139393317,0.5209175955041988,0.4751003124640719,0.5306200380410235,0.8278686430868986
307,0.45512049776987373,0.3964585638791871,0.36606590320833354,0.37325910642591464,0.3571982777247133,0.4514466798135965,0.5192879700667112,0.47594187603741667,0.527519538652381,0.8274882288624675
308,0.4612520543782097,0.39808195235299865,0.3658661596391799,0.3732065986282468,0.3562840467414455,0.4537772112800542,0.5176214110592875,0.4767885254485862,0.5244428764724617,0.8269022628504941
309,0.46741519872806775,0.3997210770529402,0.3656789982749886,0.373148864231765,0.3553735563911144,0.45609199666036043,0.5159203158843635,0.4776360165684587,0.5213935428952304,0.826111697131193
310,0.4736035386049524,0.4013765946375835,0.3655061005519185,0.3730852006889537,0.3544683880552412,0.45838817250236324,0.5141871093120303,0.478480227364657,0.5183750817997596,0.8251177741111306
311,0.4798106729128673,0.4030491882915633,0.3653491530206114,0.3730149179322197,0.3535701293287074,0.4606629268776685,0.5124242403333437,0.47931716370616795,0.5153910832490173,0.8239220282234703
312,0.4860302048500728,0.4047395662538437,0.36520984459552247,0.37293733977418025,0.35268037122658125,0.4629135050216526,0.5106341788918882,0.48014296460246964,0.512445176657066,0.8225262869305927
313,0.49121213340839415,0.4135734822062794,0.3653902992808797,0.37247455465315754,0.3466668415260091,0.4661411878459203,0.503489461241899,0.47995680139773844,0.4989222978844738,0.8269455838455475
314,0.49729392370128034,0.4154095543868985,0.36535719930892857,0.3723619441620724,0.3459104875437167,0.46822827814632556,0.5016077905003847,0.4806621609962305,0.49643012775843076,0.8246400232539984
315,0.5033626587371579,0.41726672698023387,0.365352536735875,0.37223731830590095,0.3451727838906862,0.4702781601415837,0.49971279821481895,0.4813335493103533,0.4940052007776632,0.8221497597363581
316,0.5057372324907242,0.4980529131327398,0.36808229643873913,0.36006174485805537,0.34509441909271765,0.4682862714398784,0.4569769705563878,0.48335790743831314,0.5111951467800372,0.769820599871003
317,0.5090922118009712,0.5000660744211658,0.3690478226631045,0.3596810393109714,0.3456290197108328,0.4690305566932137,0.45529997396049693,0.48207264832901264,0.5136682609766268,0.7650454486846985
318,0.5124047748181428,0.5020897960017947,0.3700793191041144,0.3592790328929494,0.34620079640892454,0.46971725680140075,0.4536511503617586,0.4807036411071514,0.5162745267911173,0.7602391920593018
319,0.5156723301961824,0.5041232408171752,0.37117707492282187,0.3588560922173413,0.34680959888241375,0.4703464488561084,0.45203168246638276,0.47925250566235766,0.5190121737402461,0.7554102847816689
320,0.5188923624176225,0.506165531756497,0.3723413100762106,0.35841263080992436,0.34745521677565455,0.4709182867290975,0.4504426751484081,0.47772102629417157,0.5218792151120984,0.7505671529948966
321,0.522062432796029,0.5082157518355634,0.3735721754771223,0.3579491091594905,0.3481373800088875,0.47143299883755935,0.44888515289785663,0.4761111500147616,0.5248734462073933,0.7457181719203739
322,0.5251801803041253,0.5102729444832537,0.3748697532962993,0.35746603473084054,0.34885575923234097,0.47189088580151606,0.4473600574894973,0.4744249847405793,0.5279924430820151,0.7408716436877749
323,0.5282433222393594,0.5123361139358322,0.37623405740288957,0.3569639619376633,0.34960996640609443,0.47229231800228605,0.44586824587949186,0.472664797362978,0.5312335618083517,0.736035775352043
324,0.5312496547391937,0.514404225740102,0.37766503393929535,0.356443492072578,0.3503995555040159,0.47263773305099244,0.4444104883361514,0.4708330116869442,0.5345939382713875,0.7312186571762521
325,0.5341970531588416,0.5164762073660923,0.379162562025793,0.3559052731914394,0.35122402333979363,0.4729276331761222,0.44298746681004714,0.4689322062263942,0.5380704885138425,0.7264282412587566
326,0.537083472324497,0.5185509489295805,0.380726454589923,0.35534999994884026,0.3520828105128024,0.4731625825390857,0.44159977354769425,0.466965111843874,0.5416599096429042,0.7216723205822017
327,0.5399069466753619,0.5206273040244401,0.3823564593152419,0.35477841338161276,0.3529753024712815,0.47334320448669004,0.4402479099520398,0.46493460922203256,0.5453586813092971,0.7169585085608732
328,0.5426655903078976,0.5227040906644227,0.38405225970365636,0.354191300637024,0.3539008306900517,0.4734701787493441,0.43893228569200404,0.46284372615389524,0.5491630677675792,0.712294219161345
329,0.5453575969357708,0.5247800923336123,0.38581347624519763,0.3535894946422694,0.35485867395975884,0.4735442385937252,0.4376532180623639,0.4606956346387505,0.5530691205246208,0.7076866476695917
330,0.547981239778916,0.5268540591444666,0.3876396676887822,0.3529738737118237,0.3558480597844183,0.47356616793850637,0.43641093159433814,0.4584936477704092,0.5570726815812781,0.7031427521756243
331,0.5505348713949725,0.5289247091019559,0.38953033240720564,0.3523453610891706,0.35686816588381953,0.47353679844160507,0.43520555791632515,0.4562412164046569,0.5611693872702767,0.698669235844271
332,0.5530169234660921,0.530990729471977,0.3914849098493611,0.3517049244194539,0.35791812179717936,0.47345700656725115,0.43403713586338677,0.45394192559294394,0.565354672691267,0.6942725300379581
333,0.5554259065537923,0.533050778251859,0.39350278207244255,0.35105357514960983,0.3589970105842418,0.4733277106410017,0.43290561183323306,0.4515994907697203,0.5696237767419808,0.6899587783543479
334,0.5577604098340628,0.5351034857404162,0.3955832753467104,0.3503923678526251,0.3601038706198848,0.4731498679006269,0.43181084038568224,0.4492177536813225,0.5739717477423281,0.6857338216383333
335,0.5600191008244301,0.5371474562046794,0.39772566182521957,0.3497223994726461,0.36123769747814355,0.47292447155059153,0.4307525850818246,0.4468006780449711,0.578393449646198,0.6816031840243132
336,0.5622007251140683,0.539181269640084,0.39992916127081,0.3490448084878109,0.36239744590144907,0.4726525478276288,0.42973051955842423,0.44435234492721487,0.5828835688336301,0.6775720600608178
337,0.5643041061073459,0.541203483620572,0.40219294283255846,0.3483607739878258,0.3635820318507666,0.47233515308466606,0.4287442288324427,0.44187694783208303,0.587436621473947,0.6736453029654551
338,0.5663281447904533,0.5432126352347669,0.40451612686384264,0.34767151466350427,0.36479033463223254,0.4719733709001247,0.42779321082997973,0.4393787874902536,0.5920469614483556,0.6698274140538243
339,0.5682718195299078,0.5452072431040532,0.40689778677416194,0.3469782877057124,0.3660211990958188,0.4715683092193403,0.4268768781333691,0.436862266341726,0.5967087888184843,0.666122533381528
340,0.5701341859108532,0.5471858094781394,0.4093369509068765,0.34628238761140995,0.3672734379014819,0.4711210975346031,0.42599455993968904,0.43433188270577505,0.6014161588252901,0.6625344316336726
341,0.5719143766220959,0.5491468224033813,0.41183260443508257,0.3455851448947657,0.36854583384821876,0.47063288411001275,0.42514550422348996,0.43179222463337463,0.6061629914007622,0.6590665032913845
342,0.5736116013938504,0.5510887579589241,0.4143836912679525,0.34488792470163043,0.36983714226141723,0.4701048332570828,0.42432888009616526,0.42924796343878235,0.6109430811729318,0.6557217610998066
343,0.5690703689115598,0.5726212343317989,0.418619272469905,0.3390440835440997,0.3835618797410047,0.46545684233363804,0.42468705046306143,0.4251136730244491,0.649181591861594,0.638564497336513
344,0.5699896278204629,0.5742989076624371,0.42148751338619156,0.3384558343889926,0.38498997932570356,0.4646924780863051,0.42403040063052194,0.4224136572730765,0.6541135408467188,0.6360288132086667
345,0.5708300791982549,0.5759410718984077,0.4244064908791711,0.33787736111484096,0.38642530053832597,0.46389542628309144,0.42340013201444826,0.4197405678248076,0.6590269552774822,0.6336232980588329
346,0.5715916868396946,0.5775462234712078,0.4273747750606052,0.3373101996414615,0.3878664337615849,0.46306696798712094,0.4227949269601494,0.41709972688247526,0.6639152493704215,0.6313481524904974
347,0.5520909316890954,0.6371797034110407,0.4330664584569249,0.3288086752530816,0.43456966409742026,0.4411172941196663,0.43022658054999946,0.41228257646242294,0.7660846240550186,0.5899512175431294
348,0.5511206641868869,0.6373801259017167,0.43654666141900095,0.32884336726673746,0.43597261888009087,0.4399262705329164,0.4299816622701543,0.4098687718981697,0.7692990304394823,0.5896526853457345
349,0.5501098658841116,0.6375082335435456,0.4400598330767162,0.3289140012411832,0.4373498532147804,0.43872719033175106,0.4297400342212101,0.40757001100643125,0.7723821660478173,0.5894357481214184
350,0.5490606009195494,0.6375638567004285,0.44360385028073274,0.32902178396908094,0.4387003889281126,0.43752154307115076,0.4294998747449312,0.4053911626655038,0.775331110207546,0.5892969635666059
351,0.5479750077160619,0.6375469035201984,0.44717657694555424,0.3291678894617572,0.44002330318653166,0.4363107945749008,0.42925937103211903,0.4033369127360605,0.7781431445522551,0.5892327782193834
352,0.5468552968512129,0.6374573596464583,0.45077586529977653,0.3293534563052117,0.4413177304624808,0.4350963854545369,0.4290167237516443,0.40141175149014513,0.780815755150945,0.5892395421321941
353,0.5457037486600109,0.637295287796294,0.45439955706915247,0.32957958505572926,0.44258286439460237,0.4338797296898784,0.42877015172373556,0.399619961370432,0.7833466342215398,0.5893135236337441
354,0.5445227105668405,0.6370608272108739,0.4580454845967614,0.32984733568262625,0.44381795953841774,0.43266221327035526,0.4285178966302414,0.39796560512836265,0.7857336814307568,0.5894509241192476
355,0.5433145941449963,0.6367541929865053,0.4617114719050718,0.33015772506570423,0.4450223330040749,0.43144519289623706,0.42825822775422845,0.3964525143891556,0.7879750047835747,0.5896478928084506
356,0.5420818719035518,0.6363756752941093,0.4653953357051156,0.33051172455498506,0.44619536597787673,0.43022999473879153,0.4279894467408959,0.39508427869080515,0.7900689211064779,0.5899005414113977
357,0.540827073802749,0.6359256384955593,0.46909488635841473,0.3309102576002855,0.4473365051244444,0.4290179132583338,0.42770989237140444,0.3938642350430927,0.7920139561296166,0.5902049586427782
358,0.539552783500488,0.6354045201656467,0.4728079287976366,0.33135419745810973,0.44844526386648315,0.42781021007904996,0.4274179453407884,0.39279545805126787,0.7938088441739465,0.590557224526772
359,0.5382616343339686,0.6348128300287561,0.47653226341228455,0.3318443649832622,0.4495212235392623,0.4266081129194433,0.4271120330307081,0.39188075064748545,0.795452527450281,0.5909534244356591
360,0.5369563050419911,0.6341511488195678,0.4802656869059673,0.33238152651241637,0.45056403441703263,0.42541281457719304,0.42679063426734387,0.3911226354712619,0.7969441549780533,0.5913896628070883
361,0.5356395152349042,0.6334201270773026,0.484005993132017,0.3329663918467394,0.4515734166087553,0.4242254719671986,0.42645228405430075,0.3905233469381821,0.7982830811323749,0.5918620764867475
362,0.534314020620645,0.6326204838831292,0.48775097391435845,0.3335996123404314,0.45254916082062924,0.42304720521155514,0.4260955782699253,0.3900848240338409,0.7994688638287956,0.5923668476452614
363,0.5329826079967966,0.6317530055504135,0.49149841986066234,0.3342817791018261,0.45349112898306443,0.42187909678021657,0.42571917831800976,0.389808703867551,0.8005012623558471,0.5929002162204691
364,0.5316480900199805,0.6308185442774856,0.49524612117481026,0.3350134213133899,0.45439925473986087,0.4207221906810861,0.4253218157203783,0.38969631601769045,0.8013802348662202,0.5934584918387562
365,0.5286762298980934,0.6261192093526717,0.5066728429503239,0.33671121981997204,0.4553327059720432,0.4190478155041057,0.4240890131489446,0.3896704335884406,0.8022429520235902,0.596241924194338
366,0.5273596519680893,0.6250073300549012,0.51041231936276,0.3375743504536598,0.4561307453958267,0.4179169310822563,0.42359818648082675,0.39014438744338437,0.8027248490055685,0.596830934942638
367,0.5260499035230324,0.6238336082574142,0.5141424236594396,0.33848862432523874,0.4568957027842722,0.41680065298408653,0.42308183693753215,0.39078385907324925,0.8030536086077903,0.5974308456418345
368,0.524749789790304,0.6225991820742304,0.5178609726608725,0.33945425850500854,0.45762786778424497,0.4156997982761446,0.4225391363812258,0.39158852815220513,0.8032300076601252,0.5980384250350507
369,0.5234621084744485,0.6213052471279363,0.5215657880928782,0.3404714004035359,0.45832760142636264,0.41461514245499914,0.42196935372141237,0.39255775261980974,0.8032550056722145,0.5986505723062544
370,0.5221896435798008,0.6199530552802245,0.525254697559061,0.34154012704580095,0.4589953356268446,0.41354741900823927,0.42137185873623834,0.39369056930369695,0.8031297406622481,0.5992643245795202
371,0.5209351591450277,0.618543913390692,0.5289255355664492,0.34266044450321115,0.4596315725408483,0.41249731901505954,0.42074612572314435,0.39498569546728757,0.8028555247310909,0.5998768636267324
372,0.519701392910709,0.6170791821100474,0.5325761446092369,0.34383228748606764,0.4602368837666042,0.4114654907858292,0.4200917369644208,0.3964415312838226,0.8024338393956525,0.6004855217662532
373,0.5184910499418398,0.6155602747132308,0.5362043763150562,0.3450555190985007,0.4608119093998582,0.410452539540206,0.4194083859931051,0.3980561632342709,0.8018663306957496,0.6010877869389365
374,0.5173067962278552,0.6139886559772906,0.5398080926576949,0.34632993075732493,0.4613573569384082,0.40945902712355287,0.4186958806446506,0.39982736842292216,0.8011548040889851,0.6016813069518404
375,0.5161512522833278,0.612365841108155,0.5433851672395913,0.3476552422756774,0.46187400003675755,0.40848547176159516,0.4179541458798142,0.4017526198007156,0.8003012191484729,0.6022638928839283
376,0.5150269867729715,0.6106933947196673,0.5469334866468409,0.3490311021117099,0.46236267711120904,0.40753234785348125,0.4171832263643255,0.40382909228263875,0.7993076840784173,0.6028335216520072
377,0.5139365101849347,0.6089729298674863,0.5504509518788095,0.35045708778199686,0.4628242897959949,0.40660008580361906,0.41638328879106457,0.40605366974182905,0.7981764500627758,0.6033883377391037
378,0.5128822685765929,0.6072061071396062,0.5539354798537912,0.3519327064387312,0.4632598012513604,0.4056890718929079,0.41555462393073395,0.4084229528594014,0.796909905462341,0.6039266540913681
379,0.5118666374171719,0.6053946338044323,0.5573850049914553,0.3534573956091586,0.46367023432483334,0.40479964819021463,0.4146976483973316,0.41093326780545575,0.7955105698757231,0.6044469521934512
380,0.5108919155515219,0.6035402630164602,0.5607974808721485,0.35503052409511404,0.4640566695672674,0.4039321125052074,0.41381290611514393,0.41358067572327617,0.7939810880797352,0.604947881336067
381,0.5099603193092127,0.6016447930787344,0.5641708819723703,0.35665139302991644,0.4644202431055751,0.40308671838391186,0.41290106947447164,0.41636098298538643,0.7923242238647377,0.6054282570931402
382,0.5090739767828794,0.599710066760367,0.5675032054750471,0.358319237089301,0.4647621443744656,0.402263675148618,0.4119629401638675,0.41926975218690743,0.7905428537804748,0.6058870590295007
383,0.5082349222993384,0.5977379706664946,0.5707924731524807,0.36003322585248376,0.4650836137098609,0.401463147984034,0.41099944966733404,0.4223023138386054,0.7886399608078718,0.6063234276635345
384,0.5074450911064878,0.5957304346571604,0.5740367333191214,0.36179246530890286,0.46538593980707593,0.4006852580718485,0.4100116594156701,0.42545377871910145,0.7866186279721852,0.6067366607124856
385,0.5067063142983785,0.5936894313107388,0.5772340628506132,0.3635959995056363,0.4656704570472472,0.39993008277612674,0.4090007605819822,0.42871905084298845,0.7844820319127657,0.6071262086512826
386,0.5060203140000453,0.5916169754265953,0.5803825692648003,0.3654428123299683,0.46593854269591234,0.39919765588221984,0.40796807351229186,0.43209284099905837,0.7822334364245133,0.6074916696186596
387,0.5053886988328619,0.5895151235608913,0.5834803928597411,0.3673318294210967,0.46619161397807957,0.3984879678921337,0.40691504678316986,0.43556968081050035,0.7798761859859171,0.6078327837072048
388,0.5048129596801202,0.5873859735885579,0.5865257089030447,0.36926192020448445,0.46643112503454454,0.3978009663795235,0.40584325587939063,0.43914393726680845,0.7774136992883267,0.6081494266764711
389,0.5038230940388986,0.5830557186349048,0.5927745779180733,0.3722272500257286,0.466890425336297,0.39723571057259893,0.4044651646057696,0.44608679574381593,0.7738775488019758,0.608908268319368
390,0.5033953365137873,0.5808739538440861,0.5956771222104865,0.37423567920863926,0.46709396984430973,0.39659244579489994,0.403337185881691,0.449910027938606,0.7711853389993792,0.6091503165897192
391,0.5030268362412175,0.578673367553191,0.59852085576196,0.37628108357206497,0.46728920526726525,0.39597129131704867,0.40219696240303093,0.4538090482334733,0.7683988276431576,0.6093682184204465
392,0.5023813577195705,0.5743047390544431,0.604381189093971,0.3794100418674678,0.46775177945536195,0.39550825956651314,0.4007734958248298,0.4613573360213186,0.7643862597820059,0.6099113162454076
393,0.5021673725930899,0.5720742858317248,0.6070667787296048,0.3815212462516756,0.46792370148349427,0.39492846151267025,0.3995943112220175,0.46544528673906166,0.7613943484262216,0.6100570601443349
394,0.502014324200483,0.5698340070675579,0.6096878261108759,0.3836648154348279,0.46809277880881145,0.3943697323574667,0.39841091938890594,0.4695862320558372,0.7583196153993927,0.6101802381456128
395,0.5019226219949504,0.5675863154817912,0.6122428662433428,0.3858392678523037,0.4682606315846296,0.39383169540713814,0.39722586030581775,0.47377380112158896,0.7551658534861306,0.6102815461801263
396,0.5018925399925142,0.5653336602324429,0.614730490036892,0.38804308741426913,0.4684288856421743,0.39331393787741314,0.3960417721475802,0.4780016043511542,0.7519368826945884,0.6103617446647259
397,0.5019242164022235,0.5630785261365174,0.6171493466100106,0.39027472635308696,0.4685991686563922,0.3928160120472494,0.3948613859422284,0.4822632494528014,0.7486365444226455,0.6104216490137375
398,0.5041546461784022,0.5588010095625942,0.6154416126380423,0.4036785859274731,0.46674819719549676,0.3878247501904032,0.3869154708012266,0.4893196077800473,0.7270660575201005,0.6097290429101125
399,0.5049040480865432,0.5561758106985161,0.6168386634895248,0.4078244943585655,0.4667232549414043,0.38709213891316224,0.38522917870889567,0.4937994342904359,0.7208770521850213,0.6097950806242476
400,0.505404516237752,0.5538909195196944,0.6187315420239663,0.4103766368971316,0.467056675955645,0.38684647388741406,0.3843362671668184,0.4979728379942295,0.7171709837661623,0.6098750337090992
401,0.5059717519884679,0.5516175618712635,0.6205492192572372,0.4129392654654925,0.4674074133638125,0.3866150114623428,0.38347084479608184,0.5021351958144343,0.7134381512394348,0.609943219020378
402,0.5066046991994896,0.5493584964668607,0.6222910322835662,0.41551064775579666,0.46777693794753367,0.38639705454198564,0.38263597266789884,0.5062806164313325,0.7096819546085918,0.6100002942601305
403,0.5073021644752743,0.5471165084733064,0.6239563925722166,0.41808905284847586,0.4681666779545385,0.386191891364172,0.38183472926113016,0.5104033458947532,0.7059057308568482,0.6100468630588716
404,0.5080628212890469,0.5448944074370243,0.6255447869161281,0.4206727536892476,0.4685780153038207,0.3859987981244486,0.3810702025009889,0.51449777986989,0.7021127513385763,0.6100834682648703
405,0.508885214485935,0.5426950250037026,0.6270557782308298,0.42326002949624414,0.46901228188658894,0.38581704172906595,0.3803454816508238,0.5185584752175112,0.6983062194498144,0.6101105857607187
406,0.5097677651441864,0.5405212124227784,0.6284890061969323,0.42584916809170703,0.46947075597494364,0.38564588267611855,0.37966364908200984,0.5225801608747576,0.6944892685744761,0.610128618835909
407,0.5112493419321976,0.5367059215467417,0.6318559096647619,0.4292789873853555,0.47084714538965683,0.38562413400939105,0.3789257487138429,0.5303537637612689,0.6892848488931697,0.6100328061156445
408,0.512274206581257,0.5346175199490327,0.6330945635502091,0.43184712762468047,0.47136020113168986,0.3854632868511003,0.37834446037649344,0.5342618154566556,0.6854459906484996,0.610012229083681
409,0.5133516674769195,0.5325657770154757,0.6342544719760957,0.43441164939439203,0.4719011308525318,0.3853106436888975,0.3778170242147628,0.5381131635836148,0.681606149113295,0.6099833574823813
410,0.5144796564751057,0.5305535968552303,0.6353356170039709,0.4369709077260036,0.47247092872061747,0.385165472793756,0.3773464136546359,0.5419034621694937,0.6777681828756307,0.609946245197139
411,0.5156560163410052,0.5285838842012861,0.6363380585266413,0.43952327727567514,0.47307051854359194,0.38502705364834405,0.3769355487101124,0.5456285840160975,0.6739348762422764,0.6099008548178003
412,0.5168785073213547,0.5266595403193629,0.6372619337925626,0.442067154086853,0.47370075116854315,0.3848946805870956,0.3765872875504609,0.5492846262902963,0.6701089386318705,0.6098470560038346
413,0.5181448138749666,0.5247834586749949,0.6381074567434007,0.444600957251094,0.4743624020692475,0.3847676665337021,0.3763044181591427,0.5528679152704253,0.6662930041861379,0.6097846245059872
414,0.5194525515322257,0.5229585203613868,0.6388749171643875,0.44712313046567437,0.47505616912925835,0.3846453468278675,0.3760896501147505,0.5563750102452525,0.6624896315897723,0.6097132418441251
415,0.5207992738538665,0.5211875892922134,0.6395646796480022,0.4496321434871204,0.4757826706290582,0.38452708313215983,0.37594560652424525,0.5598027065659157,0.6587013040889522,0.6096324956374874
416,0.52218247945908,0.5194735071650901,0.6401771823724204,0.4521264934803222,0.47654244344486435,0.3844122674087929,0.3758748161386001,0.5631480378548456,0.6549304296979105,0.6095418805801099
417,0.5235996190929201,0.5178190882030876,0.6407129356971214,0.45460470626340455,0.4773359414659669,0.38430032595515995,0.375879705680609,0.5664082773792516,0.6511793415824524,0.6094408000508353
418,0.5250481027030435,0.5162271136832797,0.6411725205789429,0.4570653374490449,0.4781635342367697,0.3841907234859423,0.3759625924141583,0.5695809386001839,0.647450298608827,0.6093285683439856
419,0.5265253064960416,0.5147003262629524,0.6415565868128522,0.45950697348340463,0.4790255058289025,0.3840829672485958,0.37612567698359084,0.5726637749116171,0.6437454860459793,0.6092044135036471
420,0.5280285799440307,0.513241424115759,0.6418658511025629,0.4619282325843398,0.4799220539479944,0.3839766111580559,0.37637103655105375,0.5756547785872378,0.6400670164088051,0.6090674807413727
421,0.5307289322857468,0.5109115954439002,0.6431594618866767,0.4649363285892015,0.48217069157194764,0.3837655085701124,0.3767366883186223,0.5814458622998453,0.634666356597518,0.6084805291690143
422,0.5322811536782238,0.5096469271849249,0.643288567920213,0.46728070561918256,0.4831399329442099,0.3836516816054618,0.37717518094169167,0.5841930270007757,0.6310462460722496,0.6082897422147194
423,0.5338489226675927,0.5084600811471072,0.6433454654707335,0.46960058419126194,0.48414325007224424,0.3835384018060892,0.3777027642197311,0.5868429880386568,0.6274592028845605,0.6080827689485682
424,0.5354295700880739,0.5073534707548064,0.6433311382857763,0.47189473701224155,0.4851804511320606,0.3834254737762603,0.3783209081394759,0.5893948239781428,0.6239070910357265,0.6078584750458959
425,0.5397268418084865,0.5036853611519179,0.6332994195778362,0.49337059050480936,0.48257568109579413,0.38555452336651624,0.3886843024451736,0.5900255487975776,0.6041693588121007,0.6113782691109113
426,0.5414085203134944,0.5030430148614674,0.6327938532489257,0.4956242371792065,0.48398501650940806,0.38549592701207547,0.39011158308576055,0.5919636130964021,0.601081384534383,0.6111740933541392
427,0.5430933032008003,0.5024879475912666,0.6322312460144851,0.4978387573885374,0.485429355053888,0.3854362293551564,0.39162746687616895,0.5938026683105204,0.5980368744212906,0.6109380750423593
428,0.5447785591737384,0.5020217606858529,0.6316129637498695,0.5000132179704952,0.4869076865280965,0.38537613002297794,0.3932317650798047,0.5955431429613148,0.5950365559939977,0.610668454803645
429,0.5480217662521604,0.5014530483919314,0.6312733708402919,0.5022273474264997,0.4903409912965449,0.3847761681563454,0.395068822591218,0.5989977338523207,0.5904483814193475,0.6095756463454374
430,0.5512772998685103,0.5011341809491153,0.6307727685677043,0.5043387735717816,0.4938278416257209,0.3841482335285998,0.3970295802332194,0.6021463604702695,0.5858660343302411,0.6083547844139578
431,0.5529234013401481,0.5010646429264692,0.6299530107249106,0.5063111179537612,0.49540375753549837,0.38409337514603664,0.3989615829630357,0.6034848875479628,0.5830155838691625,0.6078966305215968
432,0.554555378547451,0.5010917440557705,0.6290836538915761,0.5082403014071587,0.4970061301536165,0.38404373402937053,0.4009803418239648,0.6047298350943876,0.5802137812423209,0.6073974162448388
433,0.5561709472856186,0.5012162409721691,0.6281661327203871,0.5101256128095857,0.4986335304937074,0.3840006000727522,0.4030847241841604,0.6058825962483849,0.5774612581522208,0.6068556821252447
434,0.5577678857573537,0.5014387328504135,0.6272018841373477,0.5119663759272916,0.500284469858283,0.3839653685623971,0.4052734419043081,0.6069446787492311,0.5747586186511451,0.6062700364930077
435,0.559344036513332,0.5017596568752367,0.6261923446677615,0.5137619492385422,0.5019574035717231,0.3839395396634019,0.4075450546283343,0.6079176957907605,0.572106440898066,0.6056391636555798
436,0.5608973080440753,0.5021792840480519,0.6251389478786611,0.5155117257696636,0.5036507348265091,0.3839247174714565,0.40989797350730794,0.6088033568886768,0.5695052787355377,0.6049618317814975
437,0.5624256760300086,0.5026977153568039,0.624043121949346,0.5172151329473021,0.5053628186274267,0.3839226086144715,0.41233046533963585,0.6096034588002337,0.5669556630792745,0.6042369004401655
438,0.5639271842584602,0.5033148783349736,0.6229062873810771,0.5188716324700641,0.5070919658180845,0.3839350203905237,0.4148406571087722,0.6103198765341514,0.5644581031142976,0.6034633277603896
439,0.5653999452183125,0.5040305240347899,0.6217298548563224,0.5204807202023279,0.508836447173842,0.38396385843004943,0.4174265408978899,0.6109545544871884,0.5620130872927451,0.6026401771726969
440,0.5668421403848644,0.5048442244385662,0.6205152232572322,0.522041926092614,0.5105944975450213,0.38401112387187014,0.4200859791592669,0.6115094977422006,0.5596210841296831,0.6017666237028912
441,0.5682520202092157,0.5057553703308219,0.6192637778522118,0.5235548141184814,0.5123643200341909,0.3840789100444047,0.42281671031457807,0.6119867635607362,0.557282542794482,0.6008419597868139
442,0.5696279038281539,0.506763169652428,0.6179768886586487,0.5250189822594957,0.5141440901912585,0.38416939864531807,0.4256163546608133,0.6123884531013831,0.554997893496604,0.5998656005789778
443,0.5709681785120507,0.507866646356477,0.6166559089888992,0.5264340624993769,0.5159319602101844,0.3842848554148716,0.42848242055522906,0.6127167033930359,0.5527675476658822,0.5988370887305031
444,0.5722712988697176,0.5090646397838756,0.6153021741857527,0.5277997208579999,0.517726063111259,0.3844276253003419,0.4314123108515359,0.6129736795902032,0.5505918979286546,0.5977560986147182
445,0.5735357858304357,0.510355804574859,0.6139170005525434,0.5291156574534763,0.5195245168931296,0.3846001271111018,0.43440332955848404,0.6131615675352355,0.5484713178823508,0.5966224399817088
446,0.5747602254245323,0.511738611130668,0.6125016844820595,0.5303816065941046,0.5213254286390588,0.38480484766625667,0.4374526886911083,0.613282566650105,0.5464061616723661,0.5954360610261832
447,0.5759432673848836,0.5132113466375985,0.6110575017873466,0.5315973368995501,0.5231268985623161,0.3850443354391207,0.44055751528415527,0.6133388831780185,0.5443967633762786,0.5941970508560791
448,0.5770836235925599,0.5147721166634468,0.6095857072363703,0.5327626514501742,0.5249270239760676,0.38532119370528234,0.4437148585366356,0.6133327237927588,0.5424434362016486,0.5929056413524814
449,0.5781800663905281,0.5164188473341393,0.6080875342914014,0.5338773879630301,0.5267239031737088,0.3856380732035268,0.44692169705603,0.6132662895912103,0.540546471504798,0.5915622084145375
450,0.5792314267898324,0.5181492880959606,0.6065641950528193,0.534941418992611,0.5285156392061998,0.38599766432147103,0.4501749461704404,0.6131417704820595,0.5387061376390709,0.5901672725861946
451,0.5802365925930697,0.5199610150663992,0.6050168804059118,0.5359546521540927,0.5303003435437191,0.38640268882037265,0.45347146527690163,0.6129613399812307,0.5369226786421815,0.588721499064716
452,0.5811945064601179,0.5218514349740963,0.603446760368033,0.5369170303663806,0.5320761396096906,0.38685589111622554,0.45680806519417516,0.6127271504220868,0.5351963127732375,0.5872256970939828
453,0.5821041639411434,0.5238177896858709,0.6018549846323777,0.5378285321119862,0.5338411661761387,0.38736002913691303,0.46018151548862063,0.6124413285860428,0.5335272309110377,0.5856808187486494
454,0.5829646115017171,0.5258571613161678,0.6002426833034304,0.5386891717103739,0.5355935806102071,0.3879178647778438,0.4635885517421915,0.6121059717567612,0.5319155948261174,0.584087957118152
455,0.583774944564588,0.527966477911669,0.5986109678180364,0.5394989996011631,0.5373315619626857,0.3885321539811541,0.46702588273222395,0.6117231441987505,0.5303615353398893,0.5824483439024737
456,0.5845343055921396,0.5301425197011435,0.5969609320449015,0.5402581026332629,0.5390533138903881,0.3892056364661655,0.47049019749347165,0.6112948740588386,0.5288651503849818,0.580763346434338
457,0.5852418822329292,0.5323819258979736,0.5952936535542546,0.5409666043558049,0.5407570674053312,0.3899410251413802,0.47397817223379973,0.6108231506867485,0.5274265029816008,0.5790344641451813
458,0.5858969055548684,0.5346812020401343,0.5936101950483196,0.5416246653064954,0.5424410834447517,0.39074099523080114,0.4774864770760609,0.6103099223687904,0.5260456191453491,0.5772633244948034
459,0.586498648386648,0.5370367278497834,0.5919116059422446,0.5422324832928578,0.5441036552571762,0.3916081731498347,0.48101178259994926,0.6097570944666081,0.5247224857425047,0.5754516783870045
460,0.5885554880244288,0.540694813436069,0.5891400028594043,0.5420381434316559,0.5479642528661207,0.3917628594601996,0.48460995405079643,0.6088954505191507,0.5220490118076838,0.5718866996085259
461,0.5890120822829029,0.5431841065639484,0.5874118155962068,0.5425056791250883,0.5495481437338202,0.39282178846427446,0.4881775463774132,0.6082618850062272,0.5208756569731512,0.5699699054953726
462,0.5894127139794749,0.5457165621024742,0.5856717660241803,0.542924641189275,0.5511043159962478,0.39395654259017693,0.49175122205242144,0.607595645835551,0.5197605381826298,0.568020300172556
463,0.5897568389526616,0.5482880767469852,0.5839208737138865,0.5432954080367999,0.5526312613963316,0.39516936226704064,0.49532769405810495,0.6068984113344713,0.5187034172817646,0.566040146918431
464,0.5900439475840656,0.5508944714442447,0.5821601556166498,0.5436183961454659,0.5541275139069302,0.3964623760192334,0.49890370675106294,0.6061718105295086,0.5177040030419456,0.5640317979419347
465,0.590273564271242,0.5535315020947812,0.5803906282566426,0.5438940601449799,0.5555916508219757,0.39783758879359027,0.5024760407063253,0.6054174236888875,0.5167619491593579,0.5619976870731641
466,0.5904452471330178,0.5561948705695394,0.5786133099710371,0.5441228928606652,0.5570222936673261,0.39929687036471256,0.5060415172189673,0.6046367831639082,0.5158768523370727,0.559940322173097
467,0.5905585879553633,0.5588802360032231,0.5768292231818369,0.5443054253097581,0.5584181089369215,0.40084194386914507,0.5095970024522529,0.6038313745074922,0.5150482504669991,0.5578622772986634
468,0.5906132123837982,0.5615832263249096,0.5750393966825942,0.5444422266460094,0.5597778086609533,0.4024743745203057,0.5131394112236225,0.6030026378472623,0.514275620928194,0.5557661846600708
469,0.5906087803662153,0.5642994499848617,0.5732448679229244,0.5445339040484979,0.5611001508138144,0.4041955585568648,0.5166657104221464,0.60215196948977,0.5135583790175808,0.5536547264077328
470,0.5905449868478331,0.5670245078350005,0.5714466852735255,0.5445811025508032,0.56238393957063,0.40600671247788406,0.5201729220534407,0.6012807237318507,0.5128958765286296,0.5515306262864665
471,0.5904215627177771,0.5697540051191718,0.5696459102542694,0.5445845048069291,0.5636280254221127,0.4079088626183967,0.5236581259104156,0.600390214854621,0.5122874004929509,0.5493966411946654
472,0.590238276004598,0.5724835635282365,0.5678436197079278,0.544544830790658,0.5648313051583819,0.40990283511921755,0.5271184618705772,0.5994817192753058,0.5117321720990466,0.5472555526860433
473,0.5899949333158468,0.5752088332740853,0.566040907902171,0.5444628374253455,0.5659927217332346,0.4119892463446708,0.5305511318230274,0.5985564778319608,0.5112293458017428,0.5451101584512541
474,0.5896913815146014,0.5779255051359435,0.5642388885426215,0.544339318141477,0.5671112640210557,0.41416849380150395,0.5339534012305787,0.5976156981760885,0.5107780086349368,0.5429632638161449
475,0.5905182554457127,0.5818284194101102,0.5609925498461961,0.5431681497255523,0.5701591111503899,0.4161765701335719,0.5372907629847616,0.5961766139931023,0.5094850461208316,0.539134733991729
476,0.590058483225429,0.5845135672389189,0.5592031947859875,0.5429322060460884,0.5711493038685805,0.41860556813120464,0.5406298579874351,0.5952203661363343,0.5091710380327222,0.5369880387326829
477,0.5895378644912421,0.5871758794636418,0.5574184851074613,0.5426585478430872,0.5720930270916743,0.4211267213537169,0.5439295651670288,0.5942528883605923,0.5089052166427247,0.5348502805515367
478,0.5889564430647282,0.5898113486020846,0.555639644438547,0.5423481341158314,0.5729894962370753,0.42373932900344485,0.547187408345172,0.5932752302396082,0.5086863281790587,0.5327242138799062
479,0.5883143153775604,0.5924160705570366,0.5538679238652965,0.5420019558840122,0.5738379694784583,0.42644243410213095,0.5504009787540057,0.5922884204634351,0.5085130513078622,0.5306125544313733
480,0.5876116334553655,0.5949862554318154,0.5521046029541801,0.5416210352135679,0.574637747100316,0.42923481893774595,0.5535679346342482,0.5912934695070606,0.5083839981093764,0.5285179716101602
481,0.5868486080263792,0.597518237971289,0.5503509905761717,0.5412064241648635,0.5753881708551167,0.43211500136746617,0.5566860005709474,0.5902913722387513,0.5082977153210722,0.5264430811844192
482,0.5860255117314737,0.6000084875839361,0.5486084255207803,0.5407592036642331,0.5760886233379017,0.4350812320156891,0.5597529665887946,0.5892831104478322,0.5082526858503802,0.5243904382500612
483,0.5851426824108129,0.6024536179018875,0.5468782768892124,0.540280482300365,0.5767385273929709,0.4381314924030818,0.5627666870303475,0.5882696552728046,0.5082473305583843,0.5223625305091869
484,0.5842005264411116,0.6048503958373868,0.5451619442568972,0.539771395047427,0.5773373455669516,0.4412634940394583,0.5657250792417845,0.5872519695119006,0.5082800103144273,0.5203617718851331
485,0.5831995220964541,0.607195750095925,0.5434608575967652,0.5392331019172812,0.577884579622127,0.44447467850990113,0.5686261220919795,0.586231009799535,0.5083490283202596,0.518390496494141
486,0.5821402229047055,0.6094867791082358,0.5417764769558754,0.5386667865435527,0.5783797701233616,0.44776221857990606,0.5714678543516205,0.5852077286334684,0.5084526327009434,0.5164509529914733
487,0.5810232609708562,0.6117207583455313,0.5401102918792297,0.5380736547007265,0.5788224961112972,0.45112302034147916,0.5742483729599043,0.5841830762389729,0.5085890193583814,0.5145452993076784
488,0.5798493502380702,0.613895146984705,0.5384638205759453,0.5374549327618513,0.579212374873768,0.4545537264180716,0.5769658312069254,0.5831580022577665,0.5087563350819589,0.5126755977884639
489,0.5786192896568918,0.6160075938927847,0.5368386088242821,0.5368118660987958,0.5795490618265083,0.4580507202420128,0.5796184368602855,0.5821334572510348,0.5089526809094407,0.5108438107494212
490,0.5773339662328826,0.6180559429026151,0.5352362286134285,0.5361457174293738,0.5798322505132881,0.46161013141369184,0.5822044502646763,0.5811103940074104,0.5091761157299433,0.5090517964546184
491,0.5759943579230051,0.6200382373546495,0.5336582765213579,0.5354577651159826,0.5800616727345909,0.4652278421471924,0.5847221824432018,0.5800897686483883,0.5094246601195104,0.5073013055258414
492,0.5746015363512919,0.6219527238827168,0.5321063718294967,0.5347493014207051,0.5802370988127881,0.4688994948023953,0.5871699932290247,0.5790725415252166,0.5096963003985362,0.5055939777870495
493,0.5731566693147611,0.623797855424822,0.5305821543764107,0.5340216307221176,0.5803583380005963,0.4726205004987662,0.589546289455555,0.5780596779029258,0.5099889928990907,0.5039313395464416
494,0.5716610230511767,0.6255722934432923,0.5290872821541668,0.5332760676993029,0.5804252390383154,0.47638604880116775,0.5918495232328339,0.5770521484287369,0.5103006684290192,0.5023148013164007
495,0.5701159642410251,0.6272749093419656,0.5276234286524714,0.5325139354887664,0.5804376908639828,0.48019111846304474,0.5940781903369774,0.5760509293836314,0.5106292369185611,0.5007456559694734
496,0.5685229617171149,0.6289047850715999,0.5261922799571553,0.5317365638201762,0.580395623479213,0.48403048920736197,0.5962308287386259,0.5750570027174347,0.5109725922342013,0.4992250773265701
497,0.5668835878563706,0.6304612129182153,0.5247955316109773,0.530945287136978,0.5802990089720093,0.4878987545206111,0.598306017295172,0.5740713558692337,0.5113286171434627,0.4977541191715995
498,0.5651995196297577,0.6319436944726997,0.5234348852461432,0.5301414427080706,0.5801478626963663,0.491790335430194,0.6003023746302597,0.5730949813764249,0.5116951884134335,0.49633371468491194
499,0.5634725392878125,0.6333519387836314,0.5221120449992876,0.5293263687368016,0.5799422446069303,0.49569949523046275,0.6022185582225137,0.5721288762770637,0.5120701820249868,0.49496467628617324
500,0.5617045346609494,0.6346858596989589,0.520828713721012,0.5285014024736049,0.5796822607454618,0.49962035511776387,0.6040532637238514,0.5711740413115446,0.512451478483884,0.49364769587563045
501,0.5598974990555718,0.6359455724058358,0.5195865889933333,0.527667878338595,0.5793680648742683,0.5035469106899296,0.6058052245258868,0.5702314799309004,0.5128369682092764,0.4923833454611902
502,0.5585439033752925,0.6373434386137955,0.517144714338702,0.5258881164387843,0.5802300047997163,0.5081225357924558,0.6072258593764812,0.569070012899662,0.5130830691591239,0.490407177201423
503,0.5566404531885359,0.6384284804306356,0.5160308788231384,0.5250341871930568,0.5797704215219842,0.5120532792462684,0.6087862917126248,0.5681811623229656,0.5134841042819411,0.4892715627392606
504,0.5547047247309861,0.6394414036477422,0.514964081756572,0.5241771114607261,0.5792571053113628,0.5159674995416507,0.6102591813568458,0.5673078545885806,0.5138819551705621,0.48819025036410496
505,0.5527391556674325,0.6403831425565888,0.5139459161801845,0.5233181934340317,0.5786904500336018,0.519858859031431,0.6116434478520331,0.5664510488767013,0.5142746084544862,0.4871632961599453
506,0.5507462826172854,0.641254800438735,0.5129779445178655,0.5224587237368092,0.578070908250378,0.5237209999080589,0.6129380540357419,0.5656116990888679,0.514660091771144,0.48619064475151236
507,0.5487287382176776,0.6420576414715352,0.5120616938249016,0.5215999777611974,0.5773989936425935,0.5275475648746495,0.614142007437478,0.5647907520008929,0.5150364791850325,0.4852721320586634
508,0.5466892477063888,0.6427930820132597,0.5111986509826707,0.5207432140604269,0.5766752834977861,0.531332218198844,0.6152543619814852,0.5639891453051605,0.5154018965233771,0.4844074883083509
509,0.5030845667541848,0.6533819691428324,0.5137125401186038,0.5188363580762304,0.5397249436888365,0.5903640438273322,0.6283803751272918,0.5467821650651532,0.5217264763808418,0.47948128898341946
510,0.5015403595045121,0.6533427483671511,0.5131378235724368,0.5181402201135691,0.5387676238167547,0.5930075285404497,0.6281541916656757,0.5460312592701,0.521597877737053,0.47925444113690097
511,0.5000369599368596,0.6532633111305909,0.5126339041206041,0.5174455990966131,0.5377866493598339,0.5955509561334823,0.6278377800338876,0.5453232727294363,0.5214441227504482,0.47905926787686076
512,0.49857734313990754,0.6531462286107679,0.5122020292943603,0.5167533166287877,0.53678358048253,0.5979899710492445,0.6274299230795123,0.5446592215472875,0.5212645879270712,0.47889447989334555
513,0.4971644222502068,0.6529940318296498,0.5118433407343547,0.5160641777100712,0.5357600540622811,0.6003205084296624,0.6269294836517343,0.5440400406924499,0.5210587429314395,0.4787587629594045
514,0.4958010397988245,0.6528091987131504,0.511558869112675,0.5153789702384581,0.5347177833270277,0.6025388114110256,0.6263354143651952,0.5434665810372167,0.5208261520812847,0.4786507818753555
515,0.49448995912766214,0.6525941415107597,0.5113495293489927,0.514698464576504,0.5336585572505066,0.6046414474236873,0.62564676740163,0.5429396066832242,0.5205664755387026,0.478569184350544
516,0.49323385591383095,0.6523511946351654,0.5112161161443912,0.5140234131830324,0.5325842396915293,0.6066253234131163,0.6248627042944334,0.5424597925847278,0.5202794701933116,0.478512604814529
517,0.49203530984059796,0.6520826029799974,0.5111592998551384,0.5133545503096812,0.5314967682642784,0.6084876999027227,0.6239825056404251,0.542027722478077,0.5199649902341889,0.4784796681505913
518,0.4908967964533202,0.6517905107717489,0.5111796227272515,0.5126925917616036,0.5303981529276137,0.6102262038228489,0.6230055806825491,0.5416438871245506,0.5196229874085896,0.47846899334541665
519,0.48982067923850064,0.6514769510095098,0.5112774955111621,0.512038234721242,0.529290474282432,0.6118388400346813,0.6219314767069575,0.5413086828720463,0.5192535109666521,0.4784791970497551
520,0.48880920196356054,0.6511438355435257,0.5114531944741654,0.5113921576337439,0.5281758815673052,0.6133240014825907,0.6207598881980209,0.5410224105394797,0.5188567072925234,0.4785088970457665
521,0.48786448131420734,0.6507929458406501,0.5117068588265837,0.5107550201522063,0.5270565903438875,0.6146804779135373,0.6194906656951319,0.5407852746260877,0.5184328192235258,0.4785567156176601
522,0.48698849986531034,0.6504259244816235,0.51203848857579,0.510127463140613,0.5259348798649837,0.6159074631077057,0.6181238242959177,0.5405973828462338,0.517982185060224,0.4786212828230798
523,0.48618309942005394,0.6500442674316803,0.5124479428203018,0.5095101087319603,0.5248130901196145,0.6170045605702839,0.6166595517513886,0.5404587459886665,0.5175052372713856,0.47870123966350203
524,0.4854499747507631,0.6496493171224275,0.5129349384942369,0.5089035604387924,0.5236936185510179,0.617971787640547,0.6150982160999519,0.5403692780976621,0.5170025008990465,0.4787952411526685
525,0.48479066777323016,0.6492422563790613,0.5134990495703621,0.5083084033130263,0.522578916445132,0.6188095779807317,0.6134403727887473,0.5403287969719128,0.5164745916699754,0.4789019592827799
526,0.4842065621846294,0.6488241032230607,0.5141397067279354,0.5077252041517109,0.5214714849888685,0.6195187824139577,0.611686771232742,0.540337024975584,0.5159222138209945,0.4790200858888325
527,0.483698878593136,0.6483957065763034,0.5148561974894085,0.5071545117450788,0.520373870999234,0.6201006680873195,0.6098383607641693,0.5403935901545145,0.5153461576466299,0.47914833541204244
528,0.4832686701652784,0.6479577428882659,0.5156476668279447,0.5065968571630428,0.5192886623262284,0.6205569159434343,0.6078962959274318,0.5404980276492027,0.5147472967786401,0.47928544756384117
529,0.48291681881475623,0.6475107137035646,0.5165131182455648,0.5060527540760876,0.5182184829343317,0.6208896164910144,0.6058619410773022,0.5406497813949376,0.5141265852079402,0.4794301898923573
530,0.4826440319540122,0.6470549441825628,0.5174514153195698,0.505522699106318,0.5171659876693149,0.621101263872465,0.6037368742412972,0.540848206098213,0.5134850540603697,0.4795813602536662
531,0.48245083982730597,0.6465905825831868,0.5184612837127639,0.5050071722043106,0.516133856719073,0.6211947482340611,0.6015228902103337,0.5410925694774678,0.5128238081386598,0.47973778919041654
532,0.48233759344129157,0.6461176007074579,0.5195413136408792,0.5045066370472798,0.5151247897791471,0.6211733464118734,0.5992220028252839,0.5413820547551429,0.5121440222437658,0.4798983422206248
533,0.4823044631063326,0.6456357953115487,0.5206899627884993,0.5040215414540097,0.5141414999355806,0.6210407109542405,0.5968364464307078,0.541715763387117,0.5114469372895193,0.4800619220396189
534,0.48235143759884486,0.6451447904735105,0.5219055596627481,0.50355231781194,0.5131867072797157,0.6208008575092687,0.5943686764709493,0.5420927180147294,0.5107338562252486,0.4802274706381521
535,0.4824783239519971,0.6446440409081368,0.5231863073719856,0.5030993835117988,0.5122631322714932,0.6204581506134103,0.5918213692078205,0.5425118656238499,0.5100061397816642,0.48039397133972983
536,0.4826847478790192,0.6441328362138092,0.5245302878148442,0.502663141385178,0.511373488869737,0.6200172879247496,0.5891974205433157,0.5429720808948312,0.5092652020558956,0.48056045076010345
537,0.4829701548302908,0.643610306031594,0.5259354662630487,0.5022439801405109,0.5105204774497721,0.6194832829520264,0.5864999439351151,0.5434721697265951,0.5085125059520443,0.4807259806917459
538,0.4833338116822425,0.6430754260923944,0.527399696319693,0.501842274792995,0.5097067775305576,0.6188614463377098,0.5837322673970908,0.5440108729177076,0.5077495584940819,0.48088967991591686
539,0.48377480905295644,0.6425270251235805,0.5289207252329587,0.5014583870841216,0.5089350403352606,0.6181573657605504,0.5808979295815407,0.5445868699869295,0.5069779060282663,0.48105071594463583
540,0.5552520471737122,0.636160222713647,0.5342296649247512,0.496578140902864,0.5404130048674899,0.6428890916526461,0.4704425664104614,0.5478664192476109,0.4849446697505451,0.4935778901107141
541,0.5578372600960265,0.6333738475658686,0.5367313382875453,0.4965612548256273,0.5423874117585339,0.6412064663591681,0.464148231208254,0.5499054380799384,0.4830269273464564,0.4922568847506879
542,0.5600807328283045,0.6315089254540861,0.5379884895404627,0.4965992350965022,0.5443498285792214,0.6402428831387804,0.4597847158009414,0.5509886949535561,0.4818795518954915,0.4917300166006118
543,0.5622999131759953,0.6295841302150692,0.5392639006970643,0.49664023392596574,0.546343728622565,0.6392673568692109,0.4554246683344134,0.5520700153011847,0.4807792666501884,0.49118344932034147
544,0.5644918231751731,0.6275995176756863,0.5405555865117191,0.49668449952778815,0.5483665150471295,0.63828113658305,0.45107448990177046,0.5531465912887218,0.4797271438843671,0.49061879084984117
545,0.5666536350975357,0.6255553225301153,0.5418615636976243,0.4967322894831874,0.5504155234418328,0.6372852516218045,0.4467406248587982,0.5542156519614119,0.478724146168219,0.4900377441686784
546,0.5687826780803971,0.6234519648803687,0.5431798552712557,0.4967838704021816,0.552488028948549,0.6362805051906749,0.4424295412851052,0.5552744685490713,0.4777711253310702,0.4894421052420083
547,0.5708764439203274,0.6212900560046539,0.544508494768524,0.4968395175635934,0.5545812537217245,0.6352674691167721,0.4381477113579084,0.556320359516234,0.47686882174597783,0.48883376061934664
548,0.5729325920020407,0.6190704033194875,0.5458455303196011,0.4968995145341304,0.5566923747018429,0.6342464798455388,0.43390159172122683,0.5573506953522406,0.4760178639286464,0.48821468467603824
549,0.5749489533386019,0.6167940145053616,0.5471890285702986,0.4969641527669698,0.5588185316775981,0.6332176357042465,0.4296976039327515,0.558362903097699,0.4752187684422279,0.48758693648892976
550,0.5769235337036865,0.6144621007697753,0.5485370784389181,0.4970337311802759,0.5609568356098098,0.632180795455374,0.4255421150697594,0.5593544706051445,0.47447194009871746,0.4869526563394901
551,0.5788545158413825,0.6120760792255898,0.5498877946984705,0.49710855571604445,0.5631043771882875,0.6311355781564248,0.4214414185741332,0.5603229505330114,0.4737776724468724,0.4863140618394653
552,0.5807402607439471,0.6096375743669541,0.5512393213752623,0.4971889388796756,0.5652582355911837,0.6300813643363987,0.4174017154148826,0.5612659640732985,0.4731361485358826,0.48567344367610354
553,0.5825793079928987,0.6071484186293916,0.5525898349559182,0.4972751992606588,0.5674154874147825,0.6290172984926699,0.4134290956445136,0.5621812044144665,0.4725474419433988,0.48503316097604743
554,0.5843703751638935,0.6046106520251022,0.5539375473960431,0.4973676610347306,0.5695732157402127,0.6279422929055452,0.40952952042317586,0.5630664399422267,0.47201151805597397,0.48439563628910703
555,0.586112356300911,0.6020265208489941,0.5552807089248438,0.49746665344786906,0.5717285193022174,0.626855032761209,0.4057088045817862,0.5639195171818875,0.471528235589515,0.4837633501953512
556,0.5878043194703636,0.5993984754554749,0.556617610641173,0.49757251028246124,0.57387852172392,0.625753982567255,0.4019725997922295,0.5647383634868571,0.4710973483369421,0.4831388355411989
557,0.5894455034108429,0.5967291671105657,0.5579465868976118,0.497685569305984,0.5760203807804657,0.6246373938385057,0.39832637840937507,0.565520989478774,0.4707185071299553,0.4825246713125203
558,0.5910353132991957,0.594021443928346,0.559266017470336,0.4978061717025151,0.5781512976535064,0.6235033140243998,0.39477541804596517,0.5662654912454749,0.47039126200156606,0.48192347615508296
559,0.5925733156586163,0.5912783459052349,0.5605743295136452,0.4979346614873999,0.580268526137749,0.6223495966429184,0.3913247869374921,0.5669700523036889,0.4701150645358916,0.4813379015550405
560,0.6089598305740946,0.5660285937805217,0.5592760187794791,0.500527264795422,0.6058911392652769,0.6033963606147189,0.36874104680341263,0.570074324161105,0.4683378078709167,0.4819027904607806
561,0.6099634041887341,0.5631530663826716,0.5601395882080618,0.5006071437496765,0.6076121498796782,0.6015018468915991,0.36599018227668506,0.5704830423769187,0.46824158692975176,0.481234858458435
562,0.6109205997583737,0.560287510012162,0.5609838171189522,0.5006956705853728,0.6092855177292721,0.5995425454593076,0.3633616874529478,0.5708367565438248,0.4681969827570626,0.4806002018550037
563,0.6246237487919618,0.5137319219264352,0.5505248086573022,0.512150852457486,0.6256915051331705,0.5126910136181141,0.3573379072098669,0.5707491331066789,0.46774894859365795,0.48090240274445134
564,0.6249644862585718,0.5120491371286883,0.5504598861245448,0.511802542119613,0.6260521676923546,0.509032236237206,0.3565493409432413,0.5703830877895922,0.46797710308702944,0.4802442710371895
565,0.625426321778632,0.5100150309410361,0.5507847728940375,0.5106368930661536,0.6269826838145763,0.5055437640722367,0.35448688836621745,0.5696477031888391,0.4685140691844492,0.47910896174500406
566,0.6257392014148989,0.5085377012889473,0.5506983367182811,0.5103471259169494,0.6272618913565412,0.501717722850467,0.3539712846910463,0.5690954991253991,0.4688623888145185,0.478633558267711
567,0.6260410079255612,0.5071553023423045,0.5505953528207812,0.5100711975776608,0.6275089308678542,0.49783062549799467,0.3535673869627938,0.5684735824280808,0.46924788173994314,0.4782236296606451
568,0.6263322450190061,0.5058699069994633,0.5504761448609667,0.509810127145921,0.627727579633554,0.49388580012896,0.3532737974356891,0.5677823861146617,0.4696681464136957,0.47788124034844615
569,0.6266132390899715,0.504683406869447,0.5503410602114558,0.5095649251045763,0.6279217235201606,0.4898868291057634,0.3530889331643627,0.5670224465586707,0.4701207535274516,0.477608298323863
570,0.6268841335912415,0.5035975073002368,0.5501904693235445,0.5093365907209114,0.6280953407337964,0.48583754604376517,0.35301103305840353,0.5661944017854104,0.47060325078023113,0.47740654776523894
571,0.6271448844594656,0.5026137230495746,0.5500247650999398,0.5091261094261202,0.6282524849738322,0.48174203165423,0.353038165314459,0.5652989896318504,0.4711131675528779,0.47727756217740114
572,0.6273952566285455,0.5017333746136129,0.5498443622746717,0.5089344501853993,0.6283972680449594,0.47760460842548547,0.3531682351887729,0.5643370457734578,0.4716480194856512,0.477222738092626
573,0.6276348216587242,0.5009575852256052,0.5496496967998077,0.5087625628693545,0.6285338419939408,0.4734298341480033,0.3533989930726392,0.5633095016209807,0.4722053129569295,0.47724328936604155
574,0.6278629565039059,0.5002872785336506,0.549441225238285,0.5086113756376768,0.6286663808403368,0.46922249429493945,0.3537280428330664,0.5622173820901608,0.47278254946172477,0.477340242097318
575,0.6280788434340462,0.4997231769632965,0.5492194241619176,0.5084817923462776,0.6287990619732801,0.46498759327544453,0.354152850380942,0.5610618032473488,0.4733772298893562,0.47751443020780276
576,0.6282814711236075,0.4992658007675733,0.5489847895533523,0.5083746899892319,0.6289360472888937,0.4607303445838046,0.3546707524292009,0.5598439698339782,0.47398685870018364,0.4777664916993284
577,0.6284696369111586,0.49891546776378687,0.5487378362105084,0.5082909161869782,0.6290814641451349,0.4564561598731443,0.35527896540388226,0.5585651726728863,0.47460894800182823,0.47809686561786485
578,0.6286419502292016,0.49867229375321126,0.5484790971518272,0.5082312867323033,0.6292393862127208,0.4521706369879983,0.3559745944715474,0.5572267859595176,0.4752410215257595,0.4785057897419522
579,0.6287968371972763,0.49853619361660206,0.5482091230204286,0.5081965832055961,0.6294138143023522,0.4478795469954814,0.3567546426472755,0.5558302644410904,0.4758806185054873,0.4789932990124492
580,0.6289325463653873,0.498506883075363,0.5479284814851272,0.5081875506708157,0.6296086572496445,0.4435888202600842,0.3576160199483735,0.5543771404869074,0.47652529745794464,0.4795592247166654
581,0.6290471555887942,0.49858388110510854,0.547637756636086,0.5082048954634681,0.6298277129400361,0.4393045316121846,0.35855555256001637,0.5528690210530932,0.47717263986987585,0.48020319443631104
582,0.6291385800092635,0.49876651298539,0.5473375483727732,0.508249283081695,0.6300746495564202,0.4350328846652451,0.3595699919802445,0.5513075845451605,0.47782025379124027,0.480924632765016
583,0.6292045811120748,0.4990539139664925,0.5470284717817946,0.508321336191331,0.6303529871323914,0.4307801953412852,0.3606560241131091,0.5496945775819696,0.47846577733776563,0.4817227627974159
584,0.6292427768223162,0.49944503353142017,0.546711156502095,0.5084216327554402,0.6306660794937101,0.426552874668568,0.3618102782802238,0.5480318116648009,0.47910688210484986,0.48259660838798785
585,0.629250652598473,0.4999386402285599,0.546386246074993,0.50855070429848,0.6310170966699955,0.4223574109194951,0.36302933612257693,0.5463211597554446,0.47974127649498854,0.4835449971739963
586,0.6293675566666819,0.5007589151024383,0.5458562923446044,0.5088240076364362,0.6323564530596486,0.41829648334970687,0.3637117764129593,0.5433028476090895,0.4811412504629477,0.48553184834570834
587,0.6292842089260834,0.5014789187525612,0.5455363777216327,0.5090632003110218,0.6328146907346816,0.4141664261352628,0.3650635414390418,0.5414686603424027,0.48175245080411416,0.48668649633751665
588,0.6291605326903154,0.5022961099645694,0.5452108926767766,0.5093326829621337,0.6333192244979129,0.41008931369621926,0.36646853678402136,0.5395938306861772,0.4823484021378636,0.4879099398192129
589,0.6290811710673048,0.5035274206582472,0.5445993901430685,0.5099834610108481,0.634878236780741,0.40619717816800854,0.367404733667509,0.536304020533493,0.4837447021526878,0.49038815842862604
590,0.628839135370397,0.5045563722961335,0.5442840297682315,0.510365776891429,0.6355036911152442,0.4022331085715917,0.36891299972231706,0.534324213427845,0.48429481554173354,0.4917980918792791
591,0.6285459672113497,0.5056755568308683,0.5439652048852025,0.5107789593169757,0.6361803927882053,0.39834305458352687,0.3704627165776078,0.5323115877013489,0.48482179643311357,0.4932686335475142
592,0.6281986103799679,0.506882615637226,0.5436436111182338,0.5112230263760761,0.6369093954152384,0.3945334714254688,0.3720503515535158,0.5302683872590539,0.48532377143647043,0.49479713091974153
593,0.627794012335009,0.5081750694104825,0.5433199518302244,0.5116979421160209,0.6376914498941424,0.39081072297948033,0.3736723951474752,0.528196882574877,0.4857989310931329,0.4963807954479933
594,0.6273291419261872,0.5095503267120787,0.5429949372218961,0.5122036168001203,0.6385269960127496,0.38718106167932775,0.37532536780581155,0.5260993666102223,0.486245532396287,0.49801671244480655
595,0.6268010073583943,0.5110056927071858,0.5426692833951489,0.5127399073655791,0.639416155264813,0.3836506086244291,0.3770058263907834,0.5239781507034206,0.48666190123954756,0.49970185143896956
596,0.6262066743107284,0.5125383780524646,0.5423437113796624,0.5133066180823334,0.6403587249184195,0.380225334003613,0.378710370337315,0.5218355604368612,0.48704643479247767,0.5014330769448387
597,0.6255432841215843,0.5141455078921326,0.5420189461220561,0.513903501412248,0.6413541733764867,0.3769110379148112,0.3804356474955452,0.5196739314889236,0.48739760380112723,0.5032071595956467
598,0.6248080719501441,0.5158241309205364,0.5416957154372127,0.5145302590670735,0.6424016368636314,0.37371333166532644,0.3821783596571142,0.5174956054780733,0.48771395481119856,0.5050207875892124
599,0.623998384824174,0.517571228469691,0.5413747489216711,0.5151865432625311,0.643499917468352,0.3706376196354095,0.3839352677648296,0.515302925806707,0.4879941123109772,0.5068705783927
600,0.6231116994840217,0.5193837235807652,0.5410567768292806,0.5158719581648653,0.6446474825638224,0.36768908178556226,0.3857031968069994,0.5130982335125381,0.48823678079071264,0.5087530906515845
601,0.6221456399331704,0.5212584900192054,0.5407425289096474,0.5165860615251712,0.6458424656248598,0.36487265688524917,0.3874790403992415,0.5108838631355225,0.4884407467147,0.5106648362467816
602,0.6210979946066123,0.5231923611941185,0.5404327332102091,0.5173283664957788,0.6470826684527308,0.3621930265375805,0.38925976505803156,0.508662138608484,0.4886048804019022,0.5126022924429976
603,0.6195970422465833,0.5258163824755979,0.5395632418625116,0.5192384927863106,0.6494536786751038,0.3601288019335939,0.3906910873761165,0.504880326276848,0.48953960645941214,0.5162934789864698
604,0.6183306040845967,0.5278661935298566,0.5392883582368725,0.5200826964906277,0.6507777688563222,0.3577427739664378,0.3924567568956479,0.5026372496424929,0.48959370539415525,0.5182920946659968
605,0.6169763687372379,0.5299643438719988,0.5390201471884245,0.5209525934783953,0.6521354252311475,0.3555063697119322,0.3942178280334292,0.5003950880591873,0.48960389680265115,0.5203033988543756
606,0.6125272659612258,0.5366711103981977,0.5397337940362233,0.5206447772719952,0.6547255196462577,0.34621221279211634,0.40231046046692,0.4960822900171348,0.4870751016897841,0.5230287096164803
607,0.6108761734407415,0.538960941049592,0.5394330675698522,0.5215007805513336,0.6562341245777746,0.3447384743630577,0.40407620876990386,0.49389883623640907,0.486951604747175,0.5250287727863006
608,0.6091334049080769,0.5412831217588058,0.5391429852874754,0.5223807768528187,0.6577619081061356,0.3434301458090559,0.4058246415150541,0.491725227135399,0.4867840568868535,0.5270277430245003
609,0.6072988756152092,0.543634448120758,0.5388642307281327,0.5232840625571881,0.6593040582625254,0.3422888912010711,0.4075535563377425,0.48956350108419705,0.48657214252218006,0.5290223643702046
610,0.6053727988338149,0.546011755779253,0.5385974713276116,0.5242099127659341,0.6608555214986025,0.34131601035992315,0.4092608513960998,0.48741564874501664,0.48631564144589323,0.5310094557056817
611,0.6033556936334502,0.5484119261382902,0.5383433569231872,0.5251575843311737,0.6624110191970413,0.340512435685254,0.41094452680563365,0.48528360979776,0.48601442929623206,0.5329859199965313
612,0.6012483914323142,0.5508318916255407,0.5381025182559201,0.5261263189404762,0.6639650652856646,0.3398787303309948,0.41260268589133414,0.48316926978828184,0.4856684778622749,0.534948752995952
613,0.5990520412807299,0.5532686404958853,0.5378755654752632,0.5271153462409808,0.6655119848914912,0.3394150877336418,0.41423353626856624,0.48107445710714963,0.4852778552230478,0.5368950513724741
614,0.5967681138434182,0.5557192211657273,0.5376630866508951,0.5281238869866814,0.6670459339660645,0.3391213324933103,0.4158353907637305,0.47900094010641525,0.4848427257151779,0.5388220202235477
615,0.5943984040527079,0.5581807460716329,0.5374656462968489,0.5291511561923969,0.6685609198086947,0.3389969226011858,0.4174066681852086,0.4769504243616073,0.4843633497241441,0.5407269799406212
616,0.5919450324111039,0.5606503950496933,0.5372837839131223,0.5301963662776479,0.6700508224098419,0.3390409530006935,0.4189458939545905,0.47492455008579715,0.4838400832945101,0.5426073723947631
617,0.5894104449279528,0.5631254182348205,0.537118012550034,0.5312587301834544,0.6715094165327437,0.33925216046344675,0.420451700607544,0.47292488970220636,0.48327337755488253,0.544460766415469
618,0.5867974116814504,0.5656031384820016,0.5369688174006706,0.5323374644449785,0.6729303944476587,0.3396289297548984,0.42192282817299637,0.47095294558141765,0.4826637779537906,0.5462848625390783
619,0.5841090240036583,0.5680809533142583,0.5368366544267603,0.533431792202877,0.674307389229668,0.3401693010585889,0.423358124438519,0.46901014794878676,0.4820119233031283,0.5480774970070754
620,0.5801345296487548,0.5714058503458237,0.5360004027783111,0.5363254828171432,0.676023484132845,0.3421973155575284,0.42437282698808054,0.46587330122558024,0.48184971482058614,0.5514181692541654
621,0.5772693325592817,0.5738593032621295,0.5359326629436515,0.5374834061853647,0.6772357650917625,0.3430644718973726,0.4257022859446838,0.463996819950835,0.481081198250815,0.5531244276985483
622,0.5743423811831233,0.5763046545725486,0.5358830379243888,0.5386536598578785,0.6783803860739772,0.34408575030304794,0.42699309157369725,0.4621541627454317,0.480272584814868,0.5547923068702644
623,0.5130481173102442,0.6224414813470068,0.5555322809093026,0.5167634062986719,0.701123323314702,0.39100023636746634,0.4739271977491318,0.440375058365992,0.4479502455836654,0.5554709241176641
624,0.5100567559872479,0.6247251669857479,0.5551693431757179,0.5171907352119525,0.7009606070744632,0.3956267872315751,0.474586898349109,0.4396274800564133,0.4474598472062089,0.5563345660519153
625,0.5071173620426563,0.6269654584349964,0.5548374813018849,0.5176338636192187,0.7006757234995007,0.40026628432427214,0.4752089829877666,0.4389117731990485,0.4469770318298304,0.5571509397300627
626,0.5042370518187425,0.6291613122324362,0.5545364767547516,0.5180929523077881,0.7002666693928603,0.40491203599223613,0.47579529106677043,0.4382273875658493,0.4465031276157382,0.5579195911271976
627,0.5014228592077759,0.6313117047298931,0.5542660440378246,0.518568165364942,0.6997317478655901,0.4095575243442293,0.4763477634804379,0.4375737190969843,0.4460394481881183,0.5586400707876622
628,0.4986817132932096,0.6334156267595156,0.5540258313036245,0.5190596696182073,0.6990695773831751,0.41419642373261145,0.47686844019746305,0.43695011250747195,0.4455872891461354,0.5593119289486437
629,0.49602041643190964,0.6354720786180472,0.5538154211459445,0.5195676339505517,0.6982790996689725,0.4188226181901453,0.4773594575164874,0.43635586399615134,0.44514792463901026,0.5599347108826372
630,0.493445622867559,0.6374800654045399,0.5536343315695572,0.5200922284908561,0.6973595864293101,0.4234302177506318,0.47782304498515854,0.435790224047874,0.4447226040140317,0.5605079524967229
631,0.4909638179622868,0.6394385927440706,0.5534820171341971,0.5206336236808632,0.6963106448698667,0.42801357358745956,0.47826152197399435,0.4352524003196217,0.44431254854712526,0.561031176225151
632,0.4885812981301265,0.6413466629271066,0.5533578702688822,0.5211919892206982,0.695132221978137,0.4325672919100274,0.47867729389822333,0.4347415606011459,0.4439189482653365,0.561503887250057
633,0.48630415155204354,0.6432032714910141,0.553261222751843,0.5217674928959024,0.693824607551992,0.4370862465641449,0.4790728480826813,0.4342568358406355,0.44354295887028217,0.5619255700832186
634,0.48413823974806136,0.6450074042669871,0.5531913473506093,0.522360299289819,0.6923884359597327,0.4415655902889393,0.4794507492668903,0.4337973232258976,0.44318569877128505,0.5622956855396728
635,0.4820891800774447,0.6467580349123158,0.5531474596161031,0.5229705683860316,0.6908246866224594,0.4460007645894172,0.47981363474955435,0.4333620893115304,0.4428482462365243,0.562613668131724
636,0.48016232923304514,0.6484541229444399,0.553128719823923,0.523598454066438,0.6891346832150345,0.45038750819067747,0.48016420917390656,0.43295017318263906,0.4425316366701509,0.5628789239094065
637,0.4783627677907335,0.6500946122897261,0.5531342350553868,0.5242441025113883,0.6873200915874267,0.4547218640467375,0.4805052389575771,0.4325605896457151,0.4422368600228531,0.5630908287708283
638,0.47669528586944876,0.6516784303562906,0.5531630614103277,0.5249076505091597,0.6853829164137055,0.4590001848840542,0.48083954637296583,0.432192332437459,0.4419648583429274,0.563248727263034
639,0.47516436995171774,0.6532044876366211,0.5532142063431212,0.5255892236828547,0.6833254965814165,0.46321913726699737,0.481170003286393,0.43184437744245946,0.4417165234743826,0.5633519318911192
640,0.47377419090867834,0.6546716778420812,0.5532866311129498,0.5262889346435934,0.6811504993394665,0.46737570417978314,0.48149952456666945,0.4315156859108753,0.44149269490812304,0.563399722950264
641,0.47252859326760777,0.6560788785677996,0.553379253338899,0.527006881079629,0.6788609132279588,0.47146718612660726,0.48183106117602825,0.4312052076674771,0.44129415779169573,0.5633913488922382
642,0.4714310857538229,0.6574249524828432,0.5534909496501276,0.5277431437917155,0.6764600398186493,0.47549120075895446,0.4821675929586936,0.43091188430367916,0.4411216411025359,0.5633260272346711
643,0.47048483313255696,0.6587087490370745,0.5536205584210565,0.5284977846857407,0.673951484299753,0.4794456810462119,0.4825121211446293,0.4306346523444774,0.44097581598907365,0.5632029460181054
644,0.46926598528341806,0.6610254835619707,0.5533345219081326,0.5307803911861372,0.6697512045384281,0.48514299288077883,0.482954787571825,0.4304316479022936,0.4406561488143049,0.5630336295674525
645,0.46870628593158115,0.6621286196041923,0.5535241557378421,0.5316101599312147,0.6669839727629645,0.48890521724029307,0.483343695429922,0.43017851101207155,0.44055518615343686,0.5627694128688538
646,0.4683063106845457,0.6631651706504368,0.5537270446625617,0.5324584220419488,0.6641225613553138,0.4925940863720617,0.48375122106222423,0.42993793972593475,0.4404827282919666,0.5624447416892586
647,0.46806760347751125,0.6641339774388998,0.5539418825072865,0.5333251139859813,0.661171830427956,0.4962088619936607,0.4841803312695341,0.4297088936620543,0.4404391979993322,0.5620587057865001
648,0.46799134331785885,0.6650338865817608,0.5541673417859665,0.5342101413968329,0.6581368774530391,0.4997490843986199,0.48463396782282875,0.42949034370099093,0.4404249542681147,0.5616103818464984
649,0.4680783447917072,0.6658637552070812,0.5544020767223755,0.5351133770422638,0.6550230213174261,0.5032145621155165,0.48511503875298917,0.4292812748026369,0.4404402917443208,0.5610988382983632
650,0.4683290598599848,0.6666224559436629,0.5546447262746378,0.5360346588494124,0.6518357856037117,0.506605360449032,0.48562640955918285,0.4290806887493262,0.4404854403389114,0.5605231406118198
651,0.46874358091701956,0.6673088822151543,0.5548939171535373,0.5369737880013672,0.6485808811664642,0.5099217889722595,0.48617089436903854,0.4288876068101444,0.44056056501992485,0.5598823570543885
652,0.46932164507907365,0.6679219538075891,0.5551482668250327,0.537930527119873,0.6452641880757097,0.513164388044421,0.48675124708493894,0.4287010723218584,0.44066576578393357,0.5591755648826895
653,0.47006263966489165,0.6684606226727666,0.5554063864877559,0.5389045985487964,0.641891737002202,0.5163339144326007,0.48737015255175126,0.4285201531822619,0.4408010778049668,0.5584018569393463
654,0.47096560882523614,0.6689238789282915,0.5556668840166913,0.5398956827528653,0.6384696901211423,0.5194313261201726,0.4880302177821419,0.42834394425210437,0.44096647175843073,0.5575603486242019
655,0.47202926127356964,0.6693107570137645,0.5559283668646818,0.5409034168459319,0.635004321612797,0.5224577663882116,0.48873396327624974,0.42817156966214,0.44116185431699373,0.5566501852059343
656,0.4732519790655169,0.6696203419615376,0.556189444913915,0.5419273932627392,0.631501997839881,0.5254145472593482,0.489483814472921,0.4280021850221816,0.4413870688148288,0.5556705494377224
657,0.4746318273705368,0.6698517757396385,0.5564487332700727,0.5429671585877115,0.6279691572826276,0.5283031323962265,0.4902820933699212,0.4278349795293772,0.44164189607606885,0.5546206694383459
658,0.4761665651753895,0.6700042636238995,0.5567048549924056,0.5440222125538384,0.6244122903131348,0.5311251195489474,0.49113101035057166,0.42766917797325843,0.44192605540280855,0.5534998267980418
659,0.4778536568554734,0.6700770805560631,0.55695644375361,0.5450920072241228,0.6208379188908975,0.5338822226476194,0.49203265625404746,0.4275040426354153,0.4422392057174988,0.5523073648665868
660,0.47969028454697904,0.6700695774445646,0.5572021464239835,0.5461759463673872,0.6172525762613209,0.5365762536373629,0.49298899472616864,0.42733887508193347,0.442580946854099,0.5510426971794183
661,0.4816733612500611,0.6699811873649845,0.5574406255750243,0.5472733850394972,0.6136627867386104,0.5392091041538543,0.4940018548868843,0.42717301784700257,0.4429508209919176,0.5497053159762215
662,0.4837995445908907,0.6698114316176168,0.5576705618982747,0.5483836293802128,0.6100750456535677,0.5417827271377323,0.4950729243498288,0.42700585600636354,0.44334831422567006,0.5482948007652229
663,0.48606525116848803,0.6695599256003741,0.5578906565359001,0.5495059366349746,0.6064957995456576,0.5442991184858949,0.49620374262825684,0.4268368186394707,0.44377285826488516,0.5468108268855004
664,0.488466671410714,0.6692263844562618,0.558099633320179,0.5506395154099373,0.6029314266771625,0.5467602988369646,0.4973956949604285,0.42666538017947236,0.4442238322554681,0.5452531740189601
665,0.490999784862673,0.6688106284558765,0.5582962409197493,0.5517835261675078,0.599388217945325,0.549168295586904,0.49865000658605324,0.4264910616502939,0.4447005647159081,0.543621734603182
666,0.4936603758300649,0.6683125880769034,0.5584792548911454,0.5529370819685128,0.5958723582661675,0.5515251252290284,0.49996773750374096,0.426313431790268,0.445202335580344,0.5419165220961945
667,0.4964440492997386,0.6677323087442633,0.5586474796348173,0.5540992494659395,0.5923899085010831,0.5538327761104008,0.5013497777375808,0.42613210806191504,0.4457283783404752,0.5401376790443203
668,0.4993462470598145,0.6670699551965027,0.558799750255484,0.5552690501539451,0.5889467879944322,0.5560931916939218,0.502796843138941,0.42594675754759254,0.4462778822780969,0.5382854849045893
669,0.5023622639422617,0.66632581544614,0.5589349343272918,0.5564454618745337,0.5855487577871905,0.5583082544122614,0.5043094717473932,0.4257570977308503,0.4468499947798885,0.5363603635738444
670,0.5054872641117397,0.6655003043039838,0.5590519335648622,0.5576274205829568,0.582201404568223,0.5604797701962095,0.5058880207323201,0.4255628971634085,0.44744382372595853,0.534362890577513
671,0.5087162973258291,0.6645939664399441,0.5591496854018895,0.55881382237153,0.5789101254210501,0.5626094537560398,0.5075326639342742,0.42536397601776643,0.4480584399435753,0.532293799872167
672,0.5120443150934422,0.6636074789554728,0.5592271644794798,0.5600035257501234,0.5756801134199799,0.5646989146900906,0.5092433900225175,0.42516020652548625,0.44869287971745864,0.530153990217339
673,0.5154661866602794,0.6625416534455776,0.559283384046937,0.5611953541801801,0.5725163441252923,0.5667496444900454,0.5110200012824396,0.42495151330126874,0.44934614734802486,0.5279445310737024
674,0.5189767147525731,0.6613974375312531,0.5593173972781551,0.5623880988576461,0.5694235630227662,0.5687630045073132,0.5128621130436909,0.42473787355295006,0.4500172177489963,0.5256666679865492
675,0.5225706510130937,0.6601759158461736,0.5593282985071908,0.5635805217387458,0.5664062739482436,0.570740214939512,0.5147691537569306,0.42451931717759633,0.45070503907587073,0.5233218274155788
676,0.5262427110664366,0.658878310464624,0.5593152243869572,0.5647713588010813,0.5634687285332022,0.5726823448904049,0.5167403657240781,0.42429592674386707,0.45140853537685355,0.5209116209743025
677,0.5299875891539261,0.657505980760782,0.559277354975291,0.5659593235310755,0.5606149167024254,0.5745903035507118,0.5187748064838887,0.42406783736086034,0.45212660925801146,0.5184378490448468
678,0.5337999722820812,0.6560604226927091,0.5592139147529078,0.5671431106273543,0.5578485582498868,0.5764648325410854,0.5208713508515571,0.42383523643363574,0.45285814455457446,0.5159025037366255
679,0.537674553832421,0.65454326750766,0.5591241735779601,0.56832139990824,0.5551730955138916,0.5783064994522156,0.5230286936079405,0.4235983633056401,0.45360200900054526,0.5133077711602053
680,0.5416060465844612,0.6529562798685539,0.5590074475820517,0.569492860410153,0.5525916871674025,0.5801156926105444,0.5252453528308396,0.4233575087882652,0.4543570568890161,0.5106560329907134
681,0.5455891951080144,0.6513013554047605,0.558863100012672,0.5706561546623911,0.5501072031343269,0.5818926170915076,0.5275196738576821,0.42311301457778,0.45512213171587174,0.5079498672983
682,0.5496187874853204,0.6495805176935207,0.5586905420270004,0.5718099431224402,0.5477222206373653,0.5836372919954982,0.5298498338658317,0.42286527255990364,0.45589606879986694,0.5051920486264656
683,0.5536896663281345,0.6477959146815516,0.558489233442035,0.572952888754756,0.5454390213778841,0.5853495489950633,0.5322338470537498,0.42261472400231626,0.4566776978724012,0.5023855473024873
684,0.5577967390595697,0.6459498145594808,0.5582586834458916,0.5740836617347849,0.5432595898431885,0.5870290321550871,0.5346695704032312,0.42236185863543824,0.45746584563066806,0.49953352796768313
685,0.5619349874352688,0.6440446011047969,0.5579984512749563,0.5752009442588792,0.5411856127315131,0.5886751990210121,0.5371547100000743,0.42210721362186954,0.45825933824824266,0.4966393473188462
686,0.5660994762833307,0.6420827685119366,0.5577081468613898,0.5763034354397549,0.5392184794801363,0.5902873229634716,0.5396868278877525,0.4218513724149352,0.45905700383756237,0.4937065510558441
687,0.5702853614472733,0.6400669157309535,0.5573874314551919,0.5773898562662062,0.5373592838771769,0.5918644967611697,0.5422633494259839,0.4215949635068725,0.4598576748591757,0.49073887003406125
688,0.574487896921186,0.6379997403388918,0.5570360182247336,0.5784589546049429,0.5356088267329765,0.5934056373973816,0.5448815711235805,0.4213386590672972,0.46066019047307327,0.4877402156241022
689,0.5787024411710903,0.635884031970544,0.5566536728392836,0.5795095102216864,0.5339676195824349,0.5949094920391823,0.5475386689125582,0.4210831734726928,0.46146339882783816,0.4847146742848893
690,0.5829244626413026,0.6337226653376256,0.5562402140366346,0.5805403397980058,0.5324358893853267,0.5963746451624063,0.5502317068282738,0.4208292617278126,0.4622661592838233,0.4816665013600058
691,0.5871495444493299,0.6315185928676283,0.5557955141784918,0.5815503019198813,0.531013584187522,0.5977995267794911,0.5529576460583226,0.42057771778004904,0.46306734456701215,0.4786001141108289
692,0.5924864703235527,0.6294518656018377,0.5550734423516966,0.5836426088811293,0.5282054269136761,0.6001721657184728,0.5583940484399931,0.4203283442337316,0.46371578881610176,0.4732572386422465
693,0.5967083179156504,0.6271314270485532,0.5545550358781838,0.5846164635964463,0.527032637534859,0.601473592854958,0.5611926531486097,0.4200691145831233,0.4644862656270449,0.47018112429777953
694,0.6009189232226217,0.6247792818748189,0.5540052829442855,0.5855656354257218,0.5259672719996081,0.6027282095336484,0.5640118171329722,0.419815417299016,0.4652515886563558,0.4671034086131559
695,0.6051144120815064,0.6223986684865392,0.5534242985866044,0.58648919042171,0.5250081889859666,0.60393388143207,0.5668481369806627,0.4195682064732642,0.4660107260170456,0.46402910548811144
696,0.609291037305489,0.6199928566978726,0.5528122541380575,0.5873862614071427,0.5241540124963698,0.6050883836306165,0.5696981634739874,0.419328463869128,0.4667626688670555,0.4609633390339935
697,0.6134451784828785,0.6175651386632169,0.5521693777424247,0.5882560522748143,0.5234031424071747,0.606189414603064,0.5725584120754729,0.41909719657846517,0.4675064330736676,0.45791133228105824
698,0.6175733411259127,0.6151188197158858,0.5514959548615705,0.5890978420815262,0.5227537656059245,0.6072346108263945,0.5754253734491611,0.4188754345863176,0.4682410608016341,0.45487839533847796
699,0.6216721552067054,0.6126572091555864,0.550792328772851,0.5899109889121054,0.5222038676554053,0.6082215619299388,0.5782955239713933,0.4186642282461433,0.46896562202531467,0.45186991304787805
700,0.6288279044636038,0.6075413700476484,0.5496293510782305,0.5905761793079911,0.5226080784604745,0.6093386898413227,0.5812430918441784,0.41829694669122786,0.4705051958789098,0.4480996848589198
701,0.6328281738723017,0.6050788157456647,0.5488505526859546,0.591297721078638,0.5223154441583687,0.6101848779342635,0.5841075017940113,0.41813661737692615,0.4712230598009817,0.4451588225065719
702,0.636788058517294,0.6026122593524357,0.5480433335245194,0.591989373618358,0.5221131961529877,0.6109640657055952,0.5869638525656856,0.41799052888983607,0.4719276274726295,0.44226173306477606
703,0.6407047270286955,0.6001448820059149,0.5472083105573482,0.5926509328101001,0.5219985136021583,0.6116738187436862,0.5898086895928589,0.41785977945384933,0.47261810318512365,0.4394140000570842
704,0.6445754550869173,0.5976798201136919,0.5463461610868087,0.5932822902567794,0.5219684480383063,0.6123117439416764,0.5926385969669791,0.41774547246641813,0.4732937267365967,0.4366212072088432
705,0.6483976210692902,0.5952201569177832,0.5454576230463398,0.5938834350055491,0.5220199370361208,0.6128755061033875,0.5954502067836376,0.41764871350798743,0.4739537744525241,0.4338889238831811
706,0.6521687014334345,0.5927689143064186,0.5445434952405279,0.5944544548874764,0.5221498179109746,0.6133628444428949,0.5982402081610397,0.41757060729993595,0.4745975601393367,0.4312226903776255
707,0.6558862658887696,0.5903290449082402,0.5436046375256837,0.5949955374586894,0.5223548413846352,0.613771588890596,0.6010053558928528,0.41751225461770625,0.47522443597393377,0.4286280031366364
708,0.6595479724076739,0.5879034245026097,0.5426419709230507,0.5955069705307058,0.5226316851561218,0.6140996761198555,0.6037424786996938,0.41747474916619065,0.4758337933319952,0.42611029993586574
709,0.6631515621276558,0.5854948447778601,0.5416564776564572,0.5959891422794465,0.5229769673172264,0.6143451652101237,0.6064484870457537,0.4174591744248542,0.4764250635581035,0.42367494509424464
710,0.666694854195382,0.5831060064672744,0.5406492011059169,0.5964425409242684,0.5233872595541303,0.6145062528645393,0.60912038048942,0.41746660047045275,0.4769977186807625,0.4213272147700227
711,0.670175740602613,0.5807395128904017,0.5396212456684805,0.5968677539702898,0.5238591000787691,0.6145812881026459,0.6117552545393254,0.4174980807855896,0.47755127207543885,0.4190722823966561
712,0.6735921810629774,0.578397863924987,0.5385737765174716,0.5972654670092498,0.524389006236048,0.6145687863518097,0.6143503069899459,0.4175546490616978,0.47808527907875875,0.41691520431394896
713,0.6769421979771172,0.5760834504323665,0.5375080192511851,0.597636462076223,0.524973486735744,0.614467442864275,0.6169028437137102,0.41763731600537274,0.47859933755696077,0.41486090564911104
714,0.68022387153205,0.5737985491566233,0.5364252594220842,0.5979816155615597,0.5256090534608402,0.6142761453905092,0.6194102838895253,0.4177470661572849,0.47909308843164705,0.4129141665014077
715,0.6834353349786256,0.5715453181151801,0.5353268419376339,0.5983018956795875,0.5262922328072137,0.6139939860435074,0.6218701646506916,0.41788485473317905,0.4795662161657712,0.4110796084828349
716,0.6865747701287725,0.5693257924957879,0.5342141703240324,0.5985983594977407,0.5270195765129233,0.6136202722930982,0.6242801451383047,0.41805160449670886,0.4800184492126789,0.40936168166579273
717,0.6896404031117618,0.5671418810721289,0.5330887058443388,0.5988721495319643,0.5277876719388472,0.6131545370339055,0.626638009949458,0.4182482026740687,0.48044956043085496,0.40776465198702116
718,0.6926305004260632,0.5649953631474458,0.5319519664627957,0.5991244899164085,0.528593151766103,0.6125965476755222,0.6289416719727998,0.41847549792054484,0.4808593674668293,0.40629258915514216
719,0.7381309094228607,0.514594118107439,0.5354257569500868,0.563267611447117,0.6268720280065685,0.5547456732820027,0.5775705929571379,0.5222063875457015,0.47812244806102105,0.42627843355894984
720,0.7362513659858482,0.5156230695952914,0.5368770201360301,0.5641063486572572,0.626280420896377,0.5523885830623124,0.5776887242124547,0.5238210740656664,0.47900178437544993,0.4282233731822966
721,0.7342892656457061,0.5166443634679566,0.5383760052943078,0.5650092017241248,0.6256599528816025,0.5500460420258894,0.5777585898412538,0.5254244929203786,0.479864337113353,0.43028859651130963
722,0.7322466345124888,0.5176563522065449,0.53992171755174,0.5659758038467386,0.6250135062966533,0.5477224215420731,0.5777804208381125,0.5270156158485616,0.48071118468656693,0.43247025887826585
723,0.7301256112911065,0.5186574264534811,0.5415130184884379,0.5670055254096388,0.6243438769692489,0.5454219974202209,0.5777544908345468,0.5285934141052225,0.48154343734872707,0.43476437632814435
724,0.7279284459458631,0.5196460167524225,0.5431486272882303,0.5680974732282318,0.6236537591741511,0.5431489384368284,0.577681115827203,0.5301568603587405,0.4823622338885786,0.43716683571597276
725,0.7256574979630073,0.5206205951828192,0.5448271224525129,0.5692504910215839,0.6229457315024863,0.5409072953527111,0.5775606539510679,0.5317049305596357,0.48316873829996637,0.4396734049961382
726,0.7233152342073565,0.5215796768986013,0.5465469440811307,0.5704631611226436,0.6222222437115812,0.5387009904619331,0.5773935052964463,0.5332366057735343,0.48396413643454794,0.4422797436683047
727,0.7199766500967801,0.5218696281869135,0.5492597953073727,0.5736711219731585,0.6203542225460654,0.5354889474720952,0.5783548271730461,0.5340964572020583,0.4862193185053408,0.4467685787031292
728,0.7174954562712205,0.5227593904019445,0.5510438385171724,0.5750339932201045,0.6196166132145874,0.5333767328783328,0.5780818507425506,0.5355852575970478,0.4869867524127984,0.449635965531187
729,0.7149520371481156,0.5236296917778474,0.5528626797625182,0.5764492498193253,0.6188708435668734,0.5313124324749489,0.5777634075576509,0.5370545545928345,0.48774752818639966,0.4525871197691494
730,0.7123492669793748,0.5244792746149355,0.554714211507745,0.5779143058562177,0.6181186095218414,0.5292993117005105,0.5774000750683391,0.5385033666021296,0.4885028891150092,0.45561731299321145
731,0.7096901088091466,0.5253069311551851,0.5565962113243036,0.5794263460786413,0.6173614269985827,0.5273404611738887,0.576992472074525,0.539930725919718,0.4892540810603516,0.45872176684078364
732,0.7069776098611555,0.5261115047520837,0.558506347702274,0.5809823356518258,0.6166006264256173,0.5254387903838645,0.5765412587463016,0.5413356801880329,0.49000234917523644,0.46189566370611
733,0.7042148965578062,0.52689189102047,0.5604421863607785,0.5825790310230722,0.6158373485087378,0.5235970221148718,0.5760471366565715,0.5427172937838454,0.4907489346508117,0.46513415733264296
734,0.7014051691848403,0.5276470389764011,0.562401197036666,0.5842129918533167,0.6150725412655585,0.5218176876204689,0.5755108488185424,0.5440746491222098,0.49149507149856697,0.46843238326982717
735,0.6985516962172805,0.5283759521766168,0.5643807607280545,0.5858805939669683,0.614306958327869,0.5201031225522296,0.57493317972006,0.5454068478743733,0.49224198337280417,0.4717854691629809
736,0.6956578083243006,0.529077689866631,0.5663781773665952,0.5875780432659894,0.6135411585060027,0.5184554636479269,0.5743149553463329,0.5467130120969754,0.4929908804392962,0.47518854484611184
737,0.6927268920724654,0.5297513681458313,0.5683906738897279,0.5893013905490121,0.6127755066026229,0.5168766461790918,0.5736570431822682,0.5479922852705095,0.4937429562958581,0.4786367522087764
738,0.6897623833484857,0.5303961611571937,0.5704154126816374,0.591046547171322,0.6120101754566206,0.5153684021542696,0.5729603521853236,0.5492438332456479,0.4944993849505486,0.48212525480944346
739,0.6867677605242328,0.5310113023083978,0.5724495003492626,0.5928093014769341,0.6112451491913056,0.5139322592706834,0.5722258327196317,0.5504668450967156,0.4952613178632306,0.48564924720929636
740,0.6837465373882414,0.5315960855301655,0.5744899967974048,0.5945853359296436,0.6104802276347587,0.5125695406034362,0.5714544764420099,0.5516605338822527,0.49602988105620804,0.48920396400195576
741,0.6807022558692861,0.5321498665766362,0.5765339245648922,0.5963702448659817,0.6097150318741034,0.511281365017975,0.5706473161304653,0.5528241373132838,0.4968061722996538,0.49278468851622165
742,0.677638478578834,0.5326720643715122,0.5785782783818005,0.5981595527893943,0.6089490108996346,0.5100686482882606,0.5698054254458627,0.5539569183306019,0.49759125837753027,0.4963867611706564
743,0.6745587812002679,0.5331621624025223,0.5806200349059555,0.5999487331217499,0.6081814492892055,0.5089321048999453,0.568929918617561,0.5550581655930208,0.4983861724396792,0.5000055874605727
744,0.6714667447537126,0.5336197101655678,0.5826561625953657,0.6017332273254703,0.6074114758780541,0.5078722505149176,0.5680219500440767,0.5561271938792328,0.49919191144573233,0.5036366455598164
745,0.6668489483073547,0.5328715148552796,0.585987456280329,0.6058425024953314,0.6057176397169065,0.5064322182693171,0.5675490610926457,0.5563316787951945,0.5018141332942779,0.5099453318936739
746,0.6637681475005157,0.5332293863302073,0.587968340628012,0.6076009855401194,0.6049445999929595,0.5055544164370366,0.5665722943135181,0.5573179829726218,0.5026472582011826,0.5136097120390464
747,0.6606869131653119,0.5335546271253024,0.589933218491876,0.6093380256732295,0.6041647324128019,0.5047538558747385,0.5655668442541528,0.5582701965183521,0.503494332286812,0.5172707869091524
748,0.6576087143347894,0.5338471255961356,0.591879178769568,0.6110491174623264,0.6033765883317493,0.5040302354898104,0.564534021708462,0.5591877468926981,0.5043561487552886,0.5209244194472372
749,0.6545369834071698,0.5341068443938877,0.5938033573044409,0.6127298339772779,0.6025786275131417,0.5033830786168813,0.5634751737535241,0.5600700885121863,0.5052334522841904,0.5245665801444399
750,0.5933491397643131,0.5908456339203451,0.6080827846502533,0.5879204889134403,0.5979709911859928,0.5096242066213544,0.5225581625662588,0.606724190846195,0.47939726128415006,0.5508631558920425
751,0.5902681558955083,0.5906707418304082,0.609873286942421,0.5888309511273118,0.5966843240427121,0.5103306560698257,0.5214726216720376,0.6069303539770536,0.48064136256266765,0.5532824842818383
752,0.5872713203883853,0.5904315026075124,0.6115987140775812,0.5897058083067475,0.5953608030502422,0.5110633495809577,0.5204143096318945,0.6070910391006197,0.48191512356917426,0.5556619810964452
753,0.5843607246487416,0.5901289095365697,0.6132575794259838,0.5905451431759222,0.593999524060126,0.5118195749965236,0.5193850373152581,0.6072061431920354,0.4832184437084414,0.5580003848655799
754,0.5815382347569434,0.5897641155302249,0.6148485553085207,0.5913492261143894,0.5925997353375831,0.512596645934851,0.5183865661550249,0.6072755784071303,0.48455115024804707,0.5602965113355405
755,0.5788054908687683,0.5893384360580176,0.6163704737103254,0.5921185149453666,0.5911608456809094,0.5133919079267764,0.5174206035533011,0.6072992727796483,0.4859129984524364,0.5625492510468478
756,0.5761639073710506,0.5888533516375783,0.6178223262145971,0.5928536537815192,0.5896824317024811,0.5142027441365653,0.5164887983709229,0.6072771710852775,0.48730367192050145,0.5647575668650467
757,0.5736146737797351,0.5883105098528326,0.6192032631533747,0.5935554709267874,0.5881642442399257,0.5150265806596998,0.5155927365215492,0.6072092358746156,0.48872278312605444,0.566920491481377
758,0.5711587563648002,0.5877117268656636,0.6205125919761315,0.5942249758375668,0.5866062138707809,0.515860891392251,0.5147339366909689,0.6070954486759024,0.4901698741597528,0.569037124899473
759,0.5687969004835288,0.5870589883892686,0.6217497748412597,0.5948633551513983,0.5850084555088721,0.5167032024693459,0.5139138462020054,0.6069358113670617,0.49164441767026396,0.5711066319236999
760,0.5665296336007167,0.5863544500934363,0.622914425439759,0.5954719677961121,0.5833712720655747,0.5175510962729637,0.5131338370449955,0.6067303477152447,0.49314581800163265,0.5731282396640723
761,0.5643572689716875,0.5856004374141971,0.6240063050646605,0.5960523391971257,0.5816951571640977,0.5184022150119509,0.5123952020932967,0.6064791050807012,0.49467341252302083,0.5751012350720026
762,0.5622799099613739,0.5847994447427454,0.6250253179439534,0.5966061546052644,0.5799807968999047,0.519254263879702,0.5116991515226224,0.6061821562804112,0.49622647314617624,0.5770249625203422
763,0.5602974549703302,0.5839541339711762,0.6259715058589455,0.5971352515720694,0.5782290706453499,0.5201050137974242,0.5110468094522376,0.6058396016055178,0.4978042080251964,0.578898821440373
764,0.5584096029362683,0.583067332375435,0.6268450420741091,0.5976416116039964,0.5764410509014974,0.5209523037532401,0.5104392108251479,0.6054515709851939,0.49940576343236204,0.5807222640275194
765,0.5566158593776585,0.5821420298188861,0.627646224608482,0.5981273510312376,0.5746180022049405,0.5217940427495825,0.5098772985434027,0.6050182262881906,0.5010302258030432,0.5824947930266478
766,0.5549155429440722,0.5811813752631321,0.6283754688826191,0.5985947111310377,0.5727613791021666,0.5226282113734328,0.5093619208735353,0.6045397637519471,0.502676623941933,0.58421595960688
767,0.5533077924362408,0.5801886725760107,0.6290332997788395,0.5990460475493136,0.5708728232085981,0.5234528630058294,0.5088938291359146,0.604016416527771,0.5043439313821335,0.5858853613348372
768,0.5517915742573674,0.5791673756302109,0.6296203431561721,0.5994838190681432,0.5689541593739428,0.5242661246888574,0.5084736756904896,0.6034484573293174,0.5060310688879216,0.5875026402542604
769,0.5503656902559557,0.5781210826895137,0.6301373168647989,0.5999105757701649,0.5670073909797279,0.5250661976698814,0.5081020122299841,0.6028362011702928,0.50773690709136,0.5890674810789011
770,0.5490287859193838,0.5770535300833587,0.6305850213080797,0.6003289466542048,0.565034694399033,0.5258513576442007,0.5077792883901207,0.602180008176133,0.5094602692522888,0.5905796095045578
771,0.5477793588766101,0.5759685851741788,0.630964329603215,0.6007416267594013,0.563038412652295,0.526619954718503,0.5075058506848891,0.6014802864532189,0.5111999341306488,0.5920387906450659
772,0.5466157676678166,0.5748702386257781,0.6312761773944121,0.6011513638577956,0.561021048296733,0.5273704131185282,0.5072819417732491,0.6007374949981407,0.512954638959555,0.593444827596027
773,0.5362175841741272,0.5818276266869586,0.6275168786927224,0.5985218727439445,0.5532553170393321,0.5347178838476978,0.5060005298065692,0.6020073704296717,0.5155542454941863,0.5961957459019809
774,0.5354196680514901,0.5806520907666938,0.6275591335033591,0.599152702709129,0.5511166996451728,0.5353649162186621,0.506162746356889,0.6010774454551292,0.5173901751194684,0.5972308690466397
775,0.534703400771538,0.5794780927186097,0.6275407711889206,0.5998059676658611,0.5489762166756846,0.5359816955947384,0.5063775885943667,0.6001073579714739,0.5192348689498527,0.5982176060944876
776,0.5340663236612451,0.5783102524235662,0.6274626215689321,0.6004838396768478,0.5468374141345023,0.5365672423384115,0.5066444194198667,0.5990979394584152,0.5210868136894782,0.5991559167295433
777,0.5335058986924827,0.577153253943078,0.627325486280359,0.6011883973140291,0.544703906208476,0.537120643653558,0.5069624976850539,0.5980500977735597,0.5229444755492474,0.6000457839947433
778,0.5330195187365455,0.5760118326864496,0.6271301292531116,0.6019216136464879,0.5425793630186759,0.537641051730257,0.5073309809903782,0.596964819760325,0.5248063034398893,0.6008872147073
779,0.5326045176853612,0.574890762088256,0.6268772674895567,0.6026853445976738,0.54046749820327,0.5381276819202858,0.50774892880377,0.5958431736708648,0.5266707321471862,0.6016802399879541
780,0.5322581803995332,0.5737948398426153,0.6265675622073658,0.6034813177292542,0.5383720563904517,0.5385798109660239,0.5082153058845282,0.5946863113802678,0.5285361854767731,0.6024249158945597
781,0.5319777524452552,0.5727288737437598,0.6262016104037519,0.6043111215069493,0.5362968006192116,0.538996775304028,0.5087289859952742,0.5934954703686784,0.5304010793561689,0.6031213241498308
782,0.5317604495841607,0.5716976671852705,0.6257799368975218,0.6051761951014862,0.53424549976503,0.5393779694629166,0.5092887558832615,0.5922719754485096,0.5322638248819523,0.6037695729525643
783,0.5316034669823609,0.5707060043729593,0.6253029869034386,0.606077818775302,0.5322219160266246,0.5397228445735117,0.5098933195109278,0.5910172402146077,0.5341228313003981,0.6043697978612238
784,0.5315039881072295,0.5697586353087593,0.6247711191911125,0.6070171049028591,0.5302297925286026,0.5400309070073356,0.5105413025142276,0.5897327681960558,0.5359765089102785,0.6049221627383776
785,0.5314591932829118,0.568860260605079,0.6241845998780462,0.6079949896694105,0.5282728410933645,0.5403017171576509,0.5112312568661079,0.5884201536892834,0.5378232718770547,0.605426860744188
786,0.5044413241208587,0.5896776835743561,0.6202385107294658,0.6680423190340973,0.501185558196393,0.5614950204037396,0.547534403214509,0.5460213048864235,0.6025228354066764,0.6106964099233302
787,0.5054614654299256,0.5899147107661502,0.617896136632978,0.6692497953744967,0.5007760866665371,0.5606889534599648,0.549403383559923,0.5450670957547341,0.6035939354006581,0.610174844762772
788,0.506503481124815,0.5902079642689041,0.6154735859467774,0.6703741175275949,0.500470606662267,0.5598403392991103,0.5512732627404079,0.5441388292096208,0.6046088233056648,0.609629713420684
789,0.5085026932234475,0.590826793223927,0.6104578222586553,0.6715287097156158,0.5001568886326202,0.5580168842518857,0.5541997776034566,0.5434598133555242,0.6052914324370701,0.6085816251316345
790,0.5095884256532398,0.5912736181457224,0.607831184534805,0.6724476048200018,0.5001252827370551,0.5570641423590895,0.5560559969686908,0.5425995404307917,0.6061621227796984,0.6079806566287798
791,0.5106869859259547,0.5917810701901007,0.6051258801217476,0.6732760517048031,0.5001944958029826,0.5560734347446495,0.5579055795180979,0.5417738637623307,0.6069727256139366,0.6073588620463329
792,0.5117960622518699,0.5923496976490238,0.6023427346694136,0.6740121386763542,0.5003633335866866,0.5550461923746196,0.5597466007109714,0.5409851494264173,0.6077222179792943,0.606717186879261
793,0.5129134054800695,0.5929798880039835,0.5994827303587209,0.6746541736801397,0.5006304459787574,0.5539839447270108,0.5615771927374095,0.5402357255104936,0.6084096420517177,0.6060566356651668
794,0.5140368299349666,0.5936718665634144,0.5965470109483957,0.6752006881941841,0.5009943334711868,0.5528883214803889,0.5633955451269697,0.5395278745360179,0.6090341067553935,0.6053782696697079
795,0.5151642140019067,0.5944256956429443,0.5935368863556417,0.6756504402027219,0.5014533537048236,0.5517610538528448,0.5651999049531318,0.5388638258738772,0.6095947893562121,0.6046832043166355
796,0.5162935004815229,0.595241274288961,0.5904538367369759,0.676002416240049,0.502005728065082,0.5506039755690211,0.5669885766459728,0.5382457481847474,0.6100909370384505,0.6039726063762453
797,0.5174226967328461,0.5961183385435079,0.587299516037401,0.6762558324989769,0.5026495482953877,0.5494190234351531,0.5687599214280289,0.5376757419171936,0.6105218684659253,0.6032476909270136
798,0.5185498746253683,0.5970564622460561,0.5840757549781722,0.6764101350028608,0.5033827830995866,0.5482082375045245,0.5705123563908288,0.5371558318965438,0.6108869753284422,0.6025097181060247
799,0.5196731703202613,0.5980550583652866,0.5807845634556252,0.6764649988447343,0.5042032847063787,0.5469737608182186,0.5722443532319135,0.5366879600376079,0.6111857238739543,0.6017599896645685
800,0.5207907839008781,0.5991133808516207,0.5774281323259296,0.6764203265015687,0.5051087953708016,0.5457178387086419,0.5739544366744007,0.5362739782142234,0.6114176564263447,0.6009998453459213
801,0.5219009788723927,0.600230526998985,0.574008834553207,0.6762762452362374,0.5060969537898167,0.5444428176559548,0.5756411825932042,0.5359156413183022,0.6115823928882891,0.6002306591029263
802,0.5230020815500747,0.6014054403020164,0.5705292257011285,0.676033103604111,0.5071653014111596,0.5431511436902177,0.5773032158739289,0.5356146005406023,0.6116796322280919,0.5994538351734225
803,0.524092480355186,0.602636913792822,0.5669920437509369,0.6756914670855896,0.5083112886167622,0.5418453603347769,0.5789392080321665,0.5353723969047848,0.6117091539488555,0.5986708040319567
804,0.5251706250368807,0.6039235938393448,0.5634002082317978,0.6752521128700726,0.5095322807642594,0.5405281060891595,0.5805478746224628,0.5351904550855268,0.6116708195377611,0.597883018236478
805,0.52707681075526,0.6061230570722393,0.5567547844798372,0.6736899936884222,0.511784875783742,0.5382031757837079,0.5829961252147031,0.535930056750011,0.6107700981848333,0.5964701369865426
806,0.5281139954171534,0.6075552467685356,0.5530324747808131,0.6730242737057678,0.5131974451016158,0.5368702193160241,0.5845252117622098,0.5358963758459933,0.6105623301017533,0.5956711891471115
807,0.529133765691926,0.609037875942415,0.5492665184211001,0.6722653894241447,0.5146746272501695,0.5355362681170427,0.5860226680898651,0.5359272267339136,0.610286984191958,0.5948726920963222
808,0.5301348484042544,0.6105689609206352,0.5454606001854211,0.6714149130034968,0.5162134692873399,0.5342043570203205,0.5874873789495818,0.536023456543987,0.6099442989783167,0.5940761552382297
809,0.5311160264693413,0.6121463971535233,0.5416185708964202,0.6704745849144202,0.5178109637888714,0.5328775931996523,0.5889182559854141,0.5361857671293074,0.6095346019234823,0.5932830856028095
810,0.5340857643748831,0.6179925808217792,0.5324108442492083,0.6704540218501512,0.5225096172816478,0.5288698295054098,0.5945781187626914,0.5311748073931003,0.6116774969136572,0.5910616760537918
811,0.5349606251954886,0.6196561455403776,0.5285329171504526,0.6689792845843758,0.5242730384936076,0.52760440558815,0.5958349412198327,0.5317546950527309,0.6109154861135333,0.5903666313906699
812,0.5358096898921066,0.621343654740019,0.5246525075391812,0.6674305485133115,0.5260793146401752,0.5263614515542026,0.59705164888072,0.5323993187835762,0.6100907515772308,0.5896841456541454
813,0.5366321000341475,0.6230525620522632,0.5207745395601994,0.665810986977759,0.5279252145807344,0.5251443617117424,0.5982272479814693,0.5331081571222823,0.6092044064586386,0.5890154996941335
814,0.5374270510238639,0.62478027246364,0.5169040179343688,0.6641238424678305,0.5298074846328117,0.5239565527509787,0.5993607533028603,0.5338805378138425,0.6082576633378152,0.5883619415282408
815,0.5385761600290293,0.627636037533506,0.5099227197496122,0.6606322476272671,0.5332776321753929,0.5220559812082617,0.6009789976566623,0.5361405238951062,0.6060863008855023,0.5873277466973204
816,0.5392976579923356,0.6294177266014152,0.5060786161176081,0.6587981742039357,0.535250995442532,0.5209605526209165,0.6020010943394111,0.5370607926856903,0.6049917707052651,0.5867075336863882
817,0.5399892433196192,0.6312097035452278,0.5022592383754403,0.6569078991351451,0.537248443067762,0.5199070392156522,0.6029776836414064,0.5380413840337867,0.6038418318741577,0.5861065241936354
818,0.5406503503683123,0.6330092046403474,0.4984698118610992,0.654964732125975,0.5392666506556084,0.518898868337072,0.6039077972906199,0.5390809703118185,0.6026381333503001,0.5855257900711608
819,0.5441824518829977,0.6390245291115583,0.490774776166188,0.6516792434877579,0.5434215991651374,0.5157596992584274,0.6078504181903895,0.5376529929947471,0.6008882721720432,0.5833498280875711
820,0.5446706233142888,0.6406605657013715,0.48737317071913755,0.6494808272045727,0.5454106028199401,0.5150146308870218,0.6085066525850681,0.5390268443591948,0.5994546909715749,0.5829742552690336
821,0.5451262390842587,0.6422813204639807,0.484039700437505,0.6472543766035298,0.5474046694850004,0.5143318366334106,0.6091103233449674,0.5404456225324499,0.5979812441319774,0.5826238902714193
822,0.5455491609316682,0.643884342284752,0.4807792431315319,0.6450032381363399,0.5494005373830941,0.5137143481835771,0.6096605494252612,0.5419070555552232,0.5964703803501151,0.5822992870286198
823,0.5555585685810159,0.6484042215305618,0.47878064096706624,0.6368889855524373,0.5529277129549159,0.510948745480581,0.6136745313104264,0.5418293806411989,0.5900119663134861,0.5775891042105156
824,0.5556007465489218,0.6492886510688072,0.4769069552770665,0.6346211491575442,0.5546015267529485,0.5109687940753717,0.6135870168496331,0.5436147185397261,0.5884219000274016,0.5777654123327667
825,0.5556138652909709,0.6501258414435991,0.47515446841334885,0.632369442731922,0.5562576334327234,0.5110707399735863,0.6134407834040632,0.5454089674635203,0.5868296818721455,0.5779670136273107
826,0.5555985854895055,0.6509145705829454,0.47352518258410947,0.6301358786471402,0.5578931220301472,0.5112562810607271,0.61323559091464,0.5472093471457642,0.5852386841169858,0.5781934999213197
827,0.5555556099794073,0.6516536859041012,0.4720208295125185,0.6279222274483524,0.5595051029126876,0.5115269836769077,0.6129712569809491,0.549013080171503,0.5836523046751897,0.5784444200837798
828,0.5554856820290737,0.6523421042448121,0.4706428663266001,0.6257300166248784,0.5610907109711791,0.5118842786020974,0.6126476600509861,0.550817398211764,0.5820739600373711,0.5787192812136228
829,0.5553895835369229,0.6529788116303877,0.4693924724302073,0.623560530630993,0.5626471089633449,0.5123294573614915,0.6122647426009965,0.5526195480943674,0.580507077956951,0.5790175498966712
830,0.5552681331443688,0.6535628628907967,0.4682705473691122,0.6214148121415788,0.564171491002974,0.5128636688575832,0.6118225142809526,0.5544167976884092,0.5789550899026009,0.5793386535239553
831,0.5551221842667772,0.6540933811424509,0.46727770970168103,0.6192936645211883,0.5656610861869538,0.5134879163341379,0.6113210550008876,0.556206441580765,0.5774214232941705,0.5796819816639518
832,0.5549526230444164,0.6545695571496895,0.46641429687898184,0.6171976554790388,0.5671131623506174,0.5142030546759085,0.6107605179330938,0.5579858065243745,0.5759094935401508,0.5800468874812874
833,0.5547603662159866,0.6549906485812075,0.4656803661345452,0.6151271218766733,0.5685250299402553,0.515009788046622,0.6101411324052154,0.5597522566396638,0.5744226958963179,0.5804326891945457
834,0.5545463589178298,0.6553559791767926,0.46507569637931884,0.6130821756494192,0.569894045990114,0.5159086678665081,0.6094632066594161,0.5615031983521277,0.5729643971667049,0.5808386715659096
835,0.5543115724124721,0.6556649378397519,0.4645997910927275,0.6110627107974442,0.5712176181897871,0.5169000911294246,0.6087271304531403,0.5632360850508754,0.5715379272695311,0.5812640874155344
836,0.5540570017506645,0.6559169776702749,0.46425188219612873,0.6090684113971137,0.5724932090266067,0.5179842990584926,0.6079333774775122,0.5649484214548137,0.5701465706921464,0.5817081591537445
837,0.5537836633716141,0.6561116149547908,0.464030934890421,0.6070987605786076,0.5737183399864865,0.5191613760980888,0.6070825075700921,0.5666377676750844,0.5687935578604094,0.5821700803243886
838,0.5534925926465759,0.656248428126012,0.463935653435079,0.6051530504112571,0.5748905957956238,0.5204312492390124,0.6061751686995581,0.5683017429643761,0.5674820564491959,0.5826490171529525
839,0.553184841371457,0.6563270567079655,0.46396448784153865,0.6032303926339987,0.576007628684608,0.521793687672741,0.6052120987009045,0.5699380291458007,0.5662151626619453,0.5831441100933527
840,0.5528614752145379,0.6563472002597152,0.46411564144964096,0.6013297301645416,0.5770671626557339,0.5232483027698354,0.6041941267409036,0.5715443737161235,0.5649958925082671,0.5836544753676587
841,0.5525235711258186,0.6563086173309144,0.4643870793517344,0.5994498493175142,0.578066997733761,0.5247945483767805,0.6031221744949141,0.5731185926202592,0.5638271731096426,0.5841792064933797
842,0.5521722147149034,0.656211124441532,0.4647765376251597,0.5975893926588557,0.5790050141799378,0.5264317214248847,0.6019972570175603,0.5746585726960913,0.5627118340641484,0.5847173757933284
843,0.5518084976046754,0.656054595097336,0.46528153333011674,0.5957468724211681,0.5798791766488707,0.5281589628442571,0.6008204832914205,0.5761622737908128,0.5616525989019499,0.5852680358835136
844,0.5624148742632646,0.6447631082698368,0.48829941879240385,0.5915058964623343,0.567519079242394,0.5415538661469179,0.5970330250982018,0.5781202486857134,0.5601615372660258,0.5831343123582157
845,0.5655852907209175,0.6385887974736226,0.4977020038927848,0.588813716032461,0.5631626334688328,0.5477888822950137,0.594265389645898,0.5792307947087597,0.5602909882674962,0.5832503737030015
846,0.5651392748716,0.6372515612003206,0.4995165504509496,0.5872625070465831,0.5632013720166728,0.5502339952808242,0.5924956552479587,0.5801490302767986,0.5602541260640459,0.5841986846197351
847,0.5646973604017896,0.6358605563133094,0.5013883375252424,0.5857147382801928,0.5631765482222575,0.5527376556379946,0.5907057633635767,0.5810122658821358,0.5602956344344912,0.5851402211376205
848,0.5642603852693258,0.6344168124880172,0.5033122469372076,0.5841683580296066,0.5630874432961095,0.5552973592497255,0.5888981111652148,0.5818197460164063,0.5604159995937044,0.5860737421680777
849,0.5638291403509436,0.6329214086763788,0.5052831536892505,0.5826213415404586,0.5629334477821589,0.5579105076867151,0.5870751285027247,0.5825707779256456,0.5606154957296325,0.5869980283796681
850,0.563404367940719,0.6313754737078063,0.5072959438635937,0.581071704907443,0.562714063573018,0.5605744122093163,0.585239272202621,0.5832647296375912,0.5608941815974987,0.5879118826703914
851,0.5629867604177132,0.6297801869718337,0.5093455322639255,0.5795175185075547,0.5624289056574487,0.563286297890981,0.5833930201890607,0.5839010280067672,0.5612518977564692,0.5888141305420801
852,0.562576959086592,0.6281367791682314,0.5114268797227429,0.5779569199013483,0.5620777035912439,0.5660433078583041,0.5815388654507313,0.5844791568043854,0.5616882644737906,0.5897036203827313
853,0.562175553194238,0.6264465331092856,0.5135350099991554,0.5763881261404245,0.5616603026843495,0.5688425076433019,0.5796793098789798,0.584998654879566,0.5622026803192098,0.590579223663027
854,0.5617830791246685,0.6247107845580332,0.5156650261941214,0.5748094454233923,0.5611766648987682,0.5716808896439622,0.5778168580035888,0.5854591144177258,0.5627943214701968,0.5914398350537222
855,0.5614000197737925,0.6229309230853814,0.5178121266125852,0.5732192880468081,0.5606268694534678,0.5745553776894033,0.5759540106534502,0.5858601793210618,0.5634621417459968,0.5922843724709076
856,0.5610268041047906,0.6211083929283364,0.5199716200048837,0.5716161766021126,0.560011113134237,0.577462831706269,0.5740932585701146,0.5862015437349786,0.5642048733859287,0.5931117770564495
857,0.5606638068841319,0.6192446938310178,0.522138940122968,0.5699987553743318,0.5593297103081445,0.580400052483259,0.5722370760027642,0.5864829507430349,0.565021028584601,0.5939210131011768
858,0.560311348597491,0.617341381849655,0.524309659530527,0.5683657989031965,0.5585830926439418,0.583363786530871,0.5703879143135195,0.5867041912515196,0.5659089017938401,0.5947110679185614
859,0.5599696955440465,0.6154000701024874,0.526479502609895,0.5667162196724299,0.5577718085414174,0.5863507310336024,0.5685481956222163,0.5868651030831153,0.566866572798129,0.5954809516767892
860,0.5596390601069229,0.6134224294453158,0.5286443577127139,0.5650490748981236,0.5568965222743214,0.5893575388919404,0.5667203065198281,0.5869655702973309,0.5678919105672974,0.596229697197214
861,0.5593196011967803,0.6114101890534349,0.530800288405676,0.5633635723924375,0.5559580128530567,0.5923808238515266,0.5649065918795663,0.5870055227533848,0.5689825778870065,0.5969563597272206
862,0.5590114248648521,0.6093651368908034,0.5329435437672254,0.5616590754841926,0.5549571726148074,0.5954171657168262,0.5631093487943726,0.5869849359291331,0.5701360367643364,0.5976600166955072
863,0.5587145850810291,0.6072891200475706,0.5350705676958916,0.5599351069833322,0.5538950055502154,0.5984631156465776,0.561330820669032,0.5869038310073819,0.5713495546024847,0.5983397674577331
864,0.5584290846719293,0.6051840449275001,0.5371780071958878,0.5581913521816204,0.5527726253770362,0.6015152015281084,0.5595731914944693,0.5867622752385515,0.572620211135232,0.598994733040364
865,0.5581548764132397,0.6030518772673727,0.5392627196107245,0.5564276608873016,0.5515912533724243,0.6045699334273951,0.5578385803309459,0.5865603825861893,0.5739449061084541,0.5996240558903664
866,0.557891864270024,0.6008946419711557,0.5413217787808435,0.5546440484967821,0.5503522159766544,0.6076238091114542,0.5561290360258908,0.5862983146592572,0.5753203676925668,0.600226899638203
867,0.5576399047781078,0.598714422742536,0.5433524801066303,0.5528406961116058,0.5490569421820568,0.6106733196392817,0.5544465321909119,0.5859762819324768,0.5767431616064139,0.6008024488813004
868,0.5573988085591292,0.5965133615003834,0.5453523445035894,0.5510179497141114,0.5477069607218573,0.6137149550171318,0.5527929624612395,0.5855945452533047,0.5782097009297215,0.6013499089948546
869,0.5571683419613566,0.5942936575627996,0.5473191212419544,0.5491763184201509,0.546303897074373,0.6167452099134562,0.5511701360593779,0.5851534176313794,0.5797162565779364,0.6018685059765035
870,0.5569482288179124,0.5920575665865789,0.5492507896684865,0.5473164718320332,0.5448494702986152,0.6197605894282368,0.5495797736831385,0.5846532663034767,0.5812589684099516,0.6023574863309641
871,0.556738152313673,0.5898073992502672,0.5511455598137166,0.5454392365194928,0.5433454897178791,0.6227576149108831,0.5480235037365117,0.5840945150642809,0.5828338569360585,0.6028161170003439
872,0.556537756951736,0.5875455196703767,0.5530018718933266,0.5435455916608677,0.5417938514682155,0.6257328298201565,0.5465028589199666,0.5834776468504553,0.5844368355902865,0.6032436853453318
873,0.589195045749787,0.5309385460180304,0.5763506826472831,0.5042011372870673,0.48496766552438586,0.6633970145347644,0.5582824299741954,0.569094326476654,0.612067014985305,0.584267600961372
874,0.5894575780221124,0.5281701908007923,0.5772667871908901,0.5027728118676099,0.4835795255699912,0.6654156937499073,0.5573821694236354,0.5675491688669139,0.6136172220647947,0.5845440149039594
875,0.5897210146363391,0.5254409204355395,0.578134217699333,0.5013618525851306,0.4822109510900674,0.6673575169567356,0.5565322800880541,0.5659601846046035,0.6151273386023431,0.5847739216048508
876,0.5899839764557693,0.5227542725528215,0.5789543205876297,0.49996951581154325,0.48086446520918097,0.6692207399837894,0.5557315281459535,0.564329156640027,0.6165942265731955,0.5849572634420103
877,0.5902450932643077,0.5201137825585287,0.5797285339775675,0.49859703767689184,0.47954258592943705,0.6710037418817939,0.5549785953159821,0.5626580059537418,0.6180148826219245,0.5850940318248353
878,0.590503007703248,0.5175229760297904,0.5804583752578059,0.49724562799328337,0.478247822197165,0.6727050280063167,0.5542720867236194,0.5609487955554937,0.6193864491402209,0.5851842666198749
879,0.5907563790470816,0.5149853608585991,0.58114542848102,0.4959164643501829,0.47698267000615924,0.6743232328621003,0.553610538924495,0.5592037339737486,0.6207062248885572,0.5852280555831761
880,0.5910038868070531,0.5125044191713697,0.5817913316628117,0.49461068641280037,0.4757496085401201,0.6758571226915293,0.5529924280390398,0.5574251781875189,0.621971675112984,0.5852255337991826
881,0.5912442341522999,0.5100835990544174,0.5823977640470526,0.4933293904535382,0.47455109635622905,0.6773055977899296,0.5524161779527116,0.5556156359541314,0.623180441109736,0.5851768831257262
882,0.5914761511396366,0.5077263061170193,0.5829664334020418,0.4920736241446036,0.47338956761114165,0.67866769453078,0.5518801685359477,0.5537777674889083,0.6243303491920157,0.5850823316443531
883,0.591698397744239,0.5054358949252196,0.5834990634111816,0.49084438163786437,0.4722674283300717,0.6799425870844252,0.5513827438381246,0.5519143864553442,0.625419419015231,0.5849421531148815
884,0.5919097666847072,0.5032156603408565,0.583997381220915,0.48964259895586737,0.4711870527190597,0.6811295888145362,0.5509222202102473,0.5500284602273131,0.6264458712191033,0.5847566664327988
885,0.5921090860372423,0.5010688288014786,0.5844631052074,0.4884691497157085,0.470150779520039,0.6822281533373533,0.5504968943118047,0.548123109388059,0.6274081343474293,0.5845262350878291
886,0.5922952216348973,0.49899854957777046,0.5848979330218055,0.4873248412050775,0.469160908407849,0.6832378752296788,0.5501050509581987,0.5462016064342688,0.6283048510088554,0.5842512666217262
887,0.5924670792491132,0.4970078860459135,0.5853035299722664,0.4862104108273945,0.46821969642799377,0.6841584903726659,0.5497449707664325,0.5442673736572984,0.6291348832448155,0.5839322120831238
888,0.5926236065519594,0.4950998070128993,0.5856815177983693,0.48512652293047404,0.46732935447363905,0.684989875919619,0.5494149375582489,0.542323980177694,0.6298973170737359,0.583569565477054
889,0.592115515838533,0.49290099687093625,0.5864397006289428,0.48411381173551066,0.4664103065611289,0.6860038091348921,0.5480734458489243,0.5390367573354764,0.6309381348610075,0.5840115382633285
890,0.5922060022173744,0.4912324899100601,0.5867615269646081,0.4830858991780591,0.46562807895052216,0.6866079678833663,0.5478182552475863,0.53709699743815,0.6315316413566688,0.583527091275135
891,0.5922776512135375,0.48965615082841524,0.5870610538888289,0.48209050149245575,0.4649033364772094,0.6871238980865335,0.5475873063370704,0.5351623022105838,0.6320555744188392,0.5830011120025842
892,0.592329651310323,0.4881743814720646,0.587339593487671,0.4811279603628164,0.4642380572262544,0.687552109321076,0.5473790055520216,0.5332368495440343,0.6325100444396952,0.5824342756162284
893,0.5923612396274166,0.486789442753227,0.5875983609923768,0.4801985330667402,0.46363415570722605,0.687893245008447,0.5471917959877896,0.531324930358995,0.6328953975169274,0.5818272967345717
894,0.5923717024268457,0.4855034473307003,0.5878384672000939,0.4793023918778928,0.4630934795647548,0.6881480797355353,0.5470241622601326,0.5294309398017237,0.6332122141705865,0.5811809288240792
895,0.5923603754277555,0.4843183526335994,0.5880609116195697,0.4784396238873524,0.46261780631347293,0.6883175161608684,0.546874634896608,0.5275593675699256,0.6334613071059212,0.5804959635719568
896,0.5923266439376657,0.4832359542631208,0.5882665763705808,0.4776102312372367,0.462208840096406,0.6884025815094277,0.5467417942412919,0.5257147873856318,0.6336437180224881,0.5797732302283198
897,0.5922699428086434,0.48225787980568996,0.5884562208617734,0.4768141317578465,0.46186820846637244,0.6884044236612682,0.5466242738577843,0.5239018456385762,0.6337607134739961,0.5790135949144007
898,0.5921897562275698,0.48138558308933344,0.588630477267501,0.4760511599973746,0.4615974591905315,0.6883243068413168,0.5465207634189168,0.5221252492286699,0.6338137797875588,0.5782179598935472
899,0.5914663534099127,0.48076373793161326,0.5890936617207552,0.4753681246261086,0.461323319945981,0.6878416861064469,0.5457196109616851,0.5192582687675911,0.6337906382224145,0.5780613870113124
900,0.5912994268416943,0.4801811308262815,0.5892371376110606,0.4746642182691951,0.46120219995649264,0.6875567898251828,0.5456562829748159,0.517612126637675,0.6336976153811592,0.5771650573034629
901,0.5911075412058098,0.47970781655017464,0.5893664763627464,0.4739927158921653,0.46115510676489224,0.6871956914360197,0.5456030085476906,0.5160197173548888,0.6335467280647672,0.5762360281298713
902,0.5908904288144576,0.47934436380246215,0.5894817155353171,0.47335312759410075,0.4611832140294728,0.6867601242473348,0.5455587633699581,0.5144858386990333,0.6333403537550188,0.5752753472171465
903,0.5906478671722447,0.4790911443599344,0.5895827543788834,0.4727448904156015,0.46128760012321934,0.686251907029555,0.5455225838787094,0.5130152675150522,0.6330810487473146,0.5742840938113991
904,0.590379677900566,0.4789483309704228,0.5896693546522905,0.4721673714782084,0.4614692451490359,0.6856729374184286,0.5454935667224434,0.5116127433953657,0.6327715374618992,0.5732633776934759
905,0.5900857255841292,0.47891589586774647,0.5897411422658994,0.47161987138637756,0.4617290279988718,0.6850251850449699,0.5454708677487711,0.5102829519415719,0.6324147009998407,0.572214338135969
906,0.589765916551768,0.478993609920495,0.5897976097338108,0.4711016278679555,0.46206772346371827,0.6843106844175907,0.5454537005342651,0.5090305076740778,0.6320135649866838,0.5711381428001561
907,0.5894201976036314,0.4791810424241591,0.5898381194163332,0.4706118196283062,0.4624859994024443,0.6835315275837365,0.5454413344780296,0.5078599366618296,0.6315712867502093,0.5700359865713296
908,0.5890485546967057,0.4794775615432303,0.5898619075296437,0.4701495703926054,0.4629844139784001,0.6826898566001037,0.5454330924835554,0.5067756589475703,0.631091141882159,0.5689090903312839
909,0.5886510116004241,0.479882335406995,0.5898680888958926,0.46971395311038266,0.4635634129736996,0.6817878558420851,0.5454283482562973,0.5057819708470185,0.6305765102369291,0.5677586996670881
910,0.5882276285338297,0.4803943338597608,0.5898556624034635,0.46930399429610886,0.46422332719201237,0.6808277441845901,0.5454265232470573,0.5048830272029031,0.6300308614232532,0.5665860835156032
911,0.5877785007954166,0.48101233086331135,0.5898235171437514,0.4689186784795432,0.46496436996161666,0.6798117670876757,0.5454270832737386,0.5040828236769919,0.6294577398476056,0.5653925327435687
912,0.5873037573963564,0.48173490754637965,0.5897704391876781,0.4685569527396305,0.4657866347513164,0.678742188621586,0.5454295348562614,0.5033851791650161,0.6288607493705903,0.5641793586634571
913,0.5868035597073336,0.4825604558930002,0.5896951189622215,0.4682177312959965,0.4666900929126389,0.6776212834667951,0.5454334213014813,0.5027937184207706,0.6282435376398123,0.5629478914856633
914,0.586278100128691,0.4834871830586206,0.5895961591845424,0.46789990013249044,0.4676745915624545,0.6764513289254305,0.545438318576672,0.5023118549765646,0.6276097801647137,0.5616994787079851
915,0.5857276007929862,0.4845131163000164,0.5894720833088227,0.4676023216278258,0.4687398516208492,0.6752345969810724,0.5454438310116823,0.5019427744477052,0.6269631642005499,0.5604354834437266
916,0.5851523123084177,0.48563610850216626,0.589321344438708,0.4673238391690635,0.469885466019633,0.67397334644434,0.5454495868710765,0.5016894183086862,0.6263073725100831,0.5591572826901405
917,0.5845525125509141,0.48685384428252304,0.5891423346563285,0.4670632817245792,0.4711108980973774,0.6726698152218789,0.5454552338385389,0.501554468228322,0.6256460670726796,0.5578662655393142
918,0.5814568865710131,0.49266810241454895,0.5863389644575977,0.46927685272805314,0.49156612301686514,0.6652554717436887,0.5458939273429327,0.5015919736935053,0.6182501145814657,0.5372381827160145
919,0.5810045890609896,0.4944079803108132,0.5858152840457724,0.46924966568278115,0.493743665480069,0.6637154355664032,0.5457351058707596,0.5021077434815383,0.6177095032595878,0.536160411645633
920,0.5805296410581269,0.4962234568158899,0.585245177915184,0.4692204665996868,0.49598968403953686,0.6621423674184512,0.5455726424492805,0.5027535366188789,0.6172044957799581,0.5350862559480158
921,0.5800322542064823,0.49811145998897943,0.5846269871452653,0.46918824167563655,0.49830179312511436,0.6605380261670167,0.545406375242831,0.5035293622975953,0.6167372161929601,0.5340170025992762
922,0.5795126651349809,0.5000688336888213,0.5839591258924253,0.46915202143492996,0.5006774651102409,0.6589041001231946,0.5452361359171778,0.5044348638655426,0.6163095747138211,0.5329539182257691
923,0.5788767499214797,0.5034241960680405,0.582770128413737,0.46848899544982847,0.5034512960629429,0.6563249709367649,0.5451058700047421,0.5063384582180248,0.6160855657589076,0.5321723133884253
924,0.5782753874238974,0.5055503600977133,0.5819764389706712,0.4684316931847391,0.5059506920270036,0.6546215245549921,0.544936146054663,0.5075935397269659,0.6157564536575701,0.5311047642986605
925,0.5776528724907366,0.5077337305591126,0.5811285338177697,0.4683681555027397,0.5085039129348418,0.6528945446687822,0.5447617969707941,0.5089737672705258,0.6154709202910958,0.5300473662973849
926,0.5770095735835092,0.5099708523995096,0.5802252681066881,0.46829761920039026,0.5111078775665244,0.6511453473236798,0.5445825614883376,0.5104770457528591,0.6152298632448184,0.5290012852042661
927,0.5763458826274941,0.512258239442735,0.5792656168750643,0.46821937103519023,0.5137593859613756,0.6493751616266542,0.5443981535953626,0.5121009063123192,0.6150339285341007,0.5279676561765629
928,0.5756622149607429,0.5145923840799146,0.5782486824030494,0.46813274828365325,0.5164551249496397,0.6475851288705634,0.5442082609373645,0.5138425098923147,0.6148835064130481,0.5269475818741811
929,0.5749590093249899,0.5169697669008908,0.5771737010203202,0.4680371390973149,0.5191916741482447,0.6457763022327474,0.5440125436971924,0.5156986523475655,0.6147787282548884,0.525942130691787
930,0.5742367278940155,0.519386866227975,0.5760400493352535,0.46793198266817276,0.5219655124159949,0.6439496470514899,0.5438106339661072,0.5176657710872756,0.6147194645238468,0.5249523350629176
931,0.5734958563345385,0.5218401675143222,0.5748472498609953,0.4678167692160973,0.5247730247611023,0.6421060416808079,0.543602135617977,0.5197399532493726,0.6147053238536887,0.5239791898408592
932,0.5727369038942728,0.524326172570021,0.5735949760163118,0.46769103981167026,0.5276105096914648,0.6402462789207268,0.5433866246947616,0.5219169453925245,0.614735653243321,0.5230236507608417
933,0.5719604035114232,0.5268414085799951,0.5722830564823846,0.4675543860486934,0.5304741869955857,0.6383710680168476,0.5431636503075119,0.5241921646851955,0.6148095393750105,0.5220866329878939
934,0.5711669119395251,0.5293824368789539,0.5709114788999532,0.4674064495812464,0.5333602059394432,0.6364810372196619,0.5429327360530953,0.526560711563529,0.6149258110558715,0.5211690097544441
935,0.5703570098812846,0.531945861449964,0.5694803928945796,0.46724692154068276,0.5362646538620407,0.6345767368907406,0.5426933819428589,0.5290173838224563,0.6150830427783682,0.5202716110914936
936,0.5695313021247964,0.5345283371146616,0.5679901124211082,0.46707554184829186,0.5391835651497563,0.6326586431395758,0.5424450668353844,0.5315566920970846,0.6152795593906039,0.5193952226569016
937,0.5686904176753743,0.5371265773847737,0.5664411174217784,0.4668920984395869,0.5421129305670691,0.6307271619716507,0.5421872513615272,0.5341728766842525,0.6155134418623068,0.5185405846640444
938,0.5678350098760646,0.5397373619463294,0.5648340547957342,0.46669642641620956,0.5450487069186397,0.6287826339250652,0.5419193813259278,0.5368599256470655,0.6157825341274786,0.5177083909137598
939,0.5445478540537065,0.5733140932087727,0.546704521997528,0.4927964740005134,0.6058227480750875,0.5887941851909435,0.5220516381581126,0.557628910405214,0.6167155028429275,0.5156575515650009
940,0.5442247644678179,0.5757691075409865,0.5441271213019621,0.49218712992861496,0.6084290066956911,0.5866878807252339,0.5215205966818388,0.5604335062381582,0.6177526758671187,0.5160209814912596
941,0.5439010554043437,0.5782116347443323,0.5415188246981443,0.49155574532983404,0.6109648714757091,0.5845692143190669,0.5209828286701996,0.5632358815920258,0.6187567341120022,0.5164039118467703
942,0.5435773294820646,0.5806402802593833,0.5388834495032754,0.49090289863813785,0.6134268093480264,0.5824392257112903,0.5204387263654258,0.5660296552994792,0.6197217763869742,0.516805522411186
943,0.543254201896716,0.5830537289380837,0.5362248914475769,0.49022918510985186,0.6158114827440156,0.5802990027265271,0.5198887323804499,0.5688085456671272,0.620641997032067,0.5172249660138273
944,0.5429322993669491,0.5854507430885126,0.5335471129353425,0.48953521780755055,0.6181157614730123,0.5781496854360261,0.5193333423896559,0.5715663932415239,0.6215117085188084,0.5176613708152596
945,0.5426122590230835,0.5878301602037622,0.5308541312435819,0.4888216288488091,0.6203367339978814,0.5759924700604967,0.5187731076872544,0.5742971830522566,0.622325363626504,0.5181138426037069
946,0.542294727239915,0.5901908903950897,0.5281500067077194,0.48808907090482695,0.6224717180465443,0.5738286125794633,0.5182086375810196,0.5769950662294717,0.6230775771041815,0.5185814670983571
947,0.5301394966793636,0.6111947844767126,0.5098009302160007,0.5064553633056212,0.6441218417924451,0.5382973098042431,0.5054608447149742,0.5870540983588328,0.627472456362759,0.5443985760141716
948,0.5303006022542579,0.6131170310446682,0.5069802996747144,0.5053581286368581,0.64517362644084,0.5364672874779386,0.5050451588233745,0.5892362968021986,0.6275753616101031,0.5454515440141615
949,0.530475491560329,0.6150120966660663,0.5041990334675874,0.5042415415976732,0.6461211961007237,0.5346568349011119,0.5046415180687579,0.5913586626408911,0.6275532033171355,0.5464972809840639
950,0.5306644840924044,0.616879478456651,0.5014612599577304,0.5031062154874149,0.6469651065587501,0.5328681706225044,0.5042512643701412,0.593418471994739,0.6274039743308617,0.5475346008398667
951,0.5308678813998399,0.6187186863308649,0.49877097691765765,0.5019528165763331,0.6477062217705304,0.5311035492975312,0.5038757742733141,0.5954132879784331,0.6271261056128962,0.5485623519722803
952,0.5310859659129524,0.6205292394997979,0.4961320435548873,0.5007820695520381,0.6483457114125192,0.5293652578270704,0.5035164560311026,0.5973409646835851,0.6267184715696131,0.5495794184347162
953,0.53131899979908,0.6223106631130183,0.4935481732284894,0.49959476281105236,0.6488850471685438,0.527655611086977,0.5031747464000853,0.5991996497708334,0.6261803936814344,0.5505847209536606
954,0.5315672238520924,0.6240624850637676,0.49102292686562676,0.4983917535468272,0.6493259977485769,0.5259769472586802,0.5028521071585978,0.6009877856655551,0.6255116424231052,0.5515772177627399
955,0.5318308564191262,0.6257842329757181,0.48855970708345425,0.4971739725864269,0.6496706226432951,0.5243316227740134,0.5025500213530596,0.6027041093577739,0.6247124374740214,0.5525559052626747
956,0.5321100923682525,0.6274754313881707,0.4861617530181319,0.49594242892923496,0.649921264624059,0.5227220068902049,0.5022699892818643,0.6043476508139011,0.6237834462248703,0.5535198185102039
957,0.532405102100698,0.6291355991551434,0.483832135859185,0.49469821394251734,0.6500805410040484,0.5211504759136661,0.5020135242282567,0.6059177300149522,0.622725780593992,0.5544680315399204
958,0.5327160306111309,0.6307642470722974,0.4815737550840206,0.49344250517046234,0.6501513336824162,0.5196194070938657,0.5017821479557723,0.6074139526428044,0.6215409921739107,0.5553996575237731
959,0.5330429965994143,0.6323608757441388,0.47938933538410117,0.49217656971540646,0.6501367779994743,0.518131172211155,0.5015773859819053,0.6088362044429102,0.620231065735438,0.5563138487738041
960,0.5333860916370882,0.6339249737022908,0.47728142427111436,0.49090176715234185,0.6500402504369825,0.5166881308848588,0.5014007626477067,0.6101846442985288,0.6187984111235226,0.5572097965944225
961,0.5337453793916926,0.6354560157840348,0.4752523903484477,0.48961955194044654,0.6498653552036329,0.5152926236303019,0.5012537960029565,0.6114596960580717,0.6172458535856337,0.5580867309912556
962,0.5341208949118749,0.6369534617786243,0.47330442223043473,0.488331475298308,0.6496159097517198,0.5139469646956375,0.5011379925283944,0.6126620391634114,0.6155766225798558,0.5589439202442567
963,0.5345126439760564,0.6384167553472077,0.4714395280891452,0.48703918651265515,0.6492959292767441,0.512653434711407,0.5010548417182364,0.6137925981330786,0.6137943391160404,0.5597806703534026
964,0.5349206025072298,0.639845323220472,0.4696595358060218,0.48574443365382114,0.6489096102572681,0.5114142731876377,0.5010058105477989,0.6148525309599798,0.6119030016892228,0.5605963243658493
965,0.5353447160562642,0.6412385746764453,0.46796609370335673,0.48444906367472074,0.6484613130977454,0.5102316708949891,0.5009923378525174,0.6158432164887692,0.6099069708701418,0.5613902615939467
966,0.5357848993558738,0.642595901299166,0.4663606718285309,0.4831550218739205,0.647955543942151,0.5091077621679684,0.5010158286459625,0.6167662408430721,0.6078109526229505,0.5621618967339616
967,0.5362410359471913,0.6439166770172835,0.46484456376206673,0.4818643507072947,0.6473969357311488,0.508044617169526,0.5010776484055883,0.6176233829775252,0.6056199804251635,0.5629106788957522
968,0.5367129778806394,0.6452002584199679,0.4634188889188995,0.48057918793683196,0.6467902285800696,0.5070442341574223,0.5011791173559257,0.6184165994339296,0.603339396269449,0.5636360905539667
969,0.5372005454925728,0.6464459853459126,0.46208459531085194,0.4793017641093306,0.6461402495592603,0.5061085317936024,0.5013215047797155,0.6191480083847614,0.6009748306310819,0.5643376464316171
970,0.5391707483199966,0.6483580334546658,0.4591450687757936,0.4748968866571149,0.6443257064962186,0.5051274331684048,0.501619030139991,0.6210489123200864,0.595118496271565,0.5637501264944746
971,0.5396663748367576,0.6495257475872674,0.4581348304864649,0.47370553175144836,0.643579858411539,0.5043268551434956,0.501854086870018,0.6215779237493934,0.5925326182726994,0.5643354839846388
972,0.540176176053352,0.6506533696513249,0.45721717115994936,0.47253416488280825,0.6428112502195231,0.5035976445252349,0.5021346356940856,0.6220549320915334,0.5898898316913318,0.5648958168024094
973,0.5406998513506032,0.651740143531597,0.45639221404599783,0.47138545513776436,0.6420248490201571,0.5029412976186247,0.5024616586392127,0.6224827239969621,0.5871968301959574,0.5654307865397085
974,0.5412370690083999,0.6527853043955224,0.45565993926335824,0.4702621285066124,0.6412255760439174,0.5023591900913976,0.5028360558487037,0.6228641425220711,0.58446045329749,0.5659400790011175
975,0.5417874664607709,0.6537880809588194,0.4550201886967248,0.46916696052864737,0.640418284655451,0.5018525704747573,0.5032586407388658,0.6232020683567135,0.5816876619639229,0.5664234030786218
976,0.5423506506292787,0.6547476979392055,0.45447267106300565,0.46810276838933557,0.6396077385354954,0.5014225540282125,0.5037301354237533,0.6234994010858977,0.5788855139897217,0.5668804896488387
977,0.542926198334126,0.6556633786824494,0.45401696711341777,0.46707240250184484,0.6387985901433061,0.5010701170074238,0.5042511664375764,0.6237590405843052,0.5760611392207357,0.5673110905021664
978,0.5435136567821295,0.65653434794408,0.45365253493871915,0.46607873760907687,0.6379953595616371,0.5007960913723505,0.504822260783176,0.6239838686413628,0.5732217147351424,0.5677149773129244
979,0.5441125441304309,0.6573598348093048,0.45337871534590213,0.4651246634458767,0.637202413825571,0.5006011599710837,0.5054438423335161,0.6241767309131678,0.570374440080169,0.5680919406590905
980,0.5454580076416418,0.6581371084143829,0.45312280453600895,0.4633255159018659,0.6358273278459308,0.5004498509545195,0.5061516900429182,0.6245182054807589,0.5655704197748241,0.5678409978702338
981,0.5460658788839933,0.6588667128083973,0.4530961464501464,0.4625173940646292,0.635084310220957,0.500418108559345,0.5068806085865475,0.6246325712014553,0.562740778598751,0.5681290744290879
982,0.54668309870248,0.6595484395746254,0.4531563298910569,0.46176017729429164,0.6343657543906818,0.5004669602401308,0.5076609178711355,0.6247249533342996,0.559929210119636,0.5683897736126967
983,0.5473090819600064,0.6601815564824266,0.45330223187644325,0.46105668444710046,0.6336751017711955,0.5005964266020118,0.5084925722330725,0.6247978724754091,0.5571426740193114,0.5686229672109183
984,0.5479432188409525,0.6607653530723617,0.45353264327371856,0.4604096880235878,0.6330155379656486,0.5008063623485445,0.5093754100339264,0.6248537223225704,0.5543880194862948,0.568828542030882
985,0.548584875830707,0.661299144030222,0.45384627387452947,0.4598219031123779,0.6323899775450893,0.501096455069035,0.5103091527474654,0.6248947557478507,0.5516719633042344,0.569006399473677
986,0.5492333967560082,0.6617822725547604,0.4542417573472449,0.45929597629576613,0.6318010500079915,0.501466224684745,0.5112934045382945,0.6249230718283422,0.5490010686827739,0.5691564552049032
987,0.5506377406584994,0.6669372798846008,0.4556289686482431,0.45739417989650943,0.6309050315179142,0.5132390546566143,0.5274966270084324,0.6239808582558266,0.5372191095441814,0.5767826825668577
988,0.5514915028760108,0.6667255598720158,0.45636187288490354,0.45694498571515113,0.630514054434501,0.514546393705038,0.5290224730894184,0.6239465178543177,0.5349666590272768,0.5769451218256412
989,0.5523453251763105,0.6664586181580506,0.4571693012504364,0.4565653213331351,0.6301636675143799,0.515908871425632,0.5305829432537303,0.6238985033105173,0.5328027374977012,0.5770783107377122
990,0.5538701943900918,0.6656794594496447,0.4588899860123954,0.45619143385342914,0.6295318306256156,0.5172420772965812,0.532215596116588,0.623936177938629,0.529355560736605,0.576840773332724
991,0.5547080013628541,0.6652973301928008,0.4598981861803843,0.4560331174896035,0.6292963955850872,0.5187081400526121,0.5338454564556436,0.6238584607616249,0.527445035125,0.5768815002285792
992,0.5555424522073196,0.6648604959843071,0.46097326181059045,0.4559514201252453,0.6290990356479419,0.5202212234220496,0.5355044731098738,0.6237669019105395,0.5256383220988957,0.5768928294805684
993,0.5563725627620849,0.664369216576774,0.4621131310894958,0.45594773639571584,0.6289381600559282,0.5217784790562322,0.5371907760513377,0.6236607942436608,0.5239388850548857,0.5768747383372093
994,0.5571973503063984,0.6638238157642045,0.46331568265104095,0.45602329904243244,0.6288118762885033,0.5233769882845979,0.5389024493179381,0.6235392608747127,0.5223498467414771,0.5768272147100234
995,0.5580158352565153,0.6632246822556928,0.4645787786143026,0.456179172555058,0.6287179988532531,0.5250137722379732,0.5406375380662201,0.6234012622123765,0.5208739842170386,0.5767502579604035
996,0.5588270428449349,0.6625722703081158,0.46590025743876223,0.45641624746991816,0.6286540595241568,0.5266858022293961,0.5423940557713459,0.6232456041099471,0.5195137251601156,0.5766438797916178
997,0.5596300047784988,0.6618671001126795,0.46727793660631406,0.4567352353593904,0.6286173189880648,0.5283900103418173,0.5441699915341965,0.6230709470795609,0.5182711455236162,0.5765081052394087
998,0.5604237608714748,0.6611097579315586,0.4687096151404146,0.4571366645433102,0.6286047798527619,0.5301233001704121,0.5459633174545262,0.622875816519724,0.5171479685185504,0.5763429737539392
999,0.5612073606498887,0.6603008959822113,0.4701930759739014,0.45762087654956746,0.6286132009632043,0.5318825576658902,0.5477719960282985,0.6226586138994449,0.5161455649073291,0.5761485403651732
1000,0.5619798649235321,0.659441232068315,0.4717260881779922,0.45818802334700864,0.6286391129659611,0.533664662024169,0.5495939875268061,0.6224176288371581,0.5152649545811218,0.575924876923151
