time_step,site_0,site_1,site_2,site_3,site_4,site_5,site_6,site_7,site_8,site_9
0,0.0,0.0,0.0,0.0,0.0,1.0,0.0,0.0,0.0,0.0
1,0.0,0.0,0.0,2.4049868958326533e-08,0.00021930450021981926,0.9999999759527681,0.0002192804529879832,0.0,0.0,0.0
2,0.0,2.8894447474052703e-16,2.637266290377844e-12,2.1640397928394774e-07,0.0008769054369506374,0.9999996154341066,0.0008767131645516352,2.4047231691148466e-08,2.636977345903104e-12,0.0
3,0.0,7.215376078379998e-15,4.218727412245867e-11,8.653310412564832e-07,0.0019717937936333217,0.9999980547357076,0.001971145467045748,2.163644289388848e-07,4.218034528340202e-11,2.8856437108128735e-16
4,0.0,6.48406157715131e-14,2.6358886776002266e-10,2.402612945507264e-06,0.003502242712305854,0.999993859079181,0.0035007079031197873,8.651096320405279e-07,2.63531182707178e-10,7.20303619706901e-15
5,0.0,3.5319644203804397e-13,1.053929888265367e-09,5.402779914506246e-06,0.005465812088701927,0.9999850296964868,0.005462819341670888,2.4018225468676136e-06,1.0536409389962893e-09,6.470411733146933e-14
6,0.0,1.4134543646418365e-12,3.2260474288896357e-09,1.058208209451323e-05,0.00785935508611193,0.9999690136971523,0.007854194006589968,5.400607513479713e-06,3.224986419958908e-09,3.5262970191768033e-13
7,0.0,4.5795614716063275e-12,8.253760202535215e-09,1.8797197817785044e-05,0.010679026542710763,0.9999427166771493,0.01067085039105124,1.0577053347441321e-05,8.250593327544456e-09,1.4118796198089085e-12
8,9.917332140505164e-16,1.271751763688378e-11,1.8558110452484972e-08,3.104367884270729e-05,0.01392029323973345,0.9999025180117638,0.0139081220228106,1.878689039910328e-05,1.854997224276175e-08,4.576098056725331e-12
9,7.031095966967005e-15,3.138819882806544e-11,3.7843851581067e-08,4.845413299728132e-05,0.01757794599072896,0.9998442887625627,0.017560670038862455,3.102438526565079e-05,3.782518010145576e-08,1.270934207404009e-11
10,2.7527446647521845e-14,7.057593415871593e-11,7.148528781833492e-08,7.229614478310525e-05,0.021646113505158424,0.9997634121166229,0.021622497520891855,4.8420473711049066e-05,7.14460953178436e-08,3.136962221155762e-11
11,8.332057947677535e-14,1.4713449790023236e-10,1.2696042529682147e-07,0.00010396993463504768,0.02611827797284714,0.9996548062646516,0.02608696553625764,7.224063246819578e-05,1.2688384977015861e-07,7.053509181642799e-11
12,2.178623810458716e-13,2.881266113351018e-10,2.143322768490801e-07,0.00014500575772652874,0.030987292309321547,0.9995129496135721,0.03094681082282497,0.00010388249076234554,2.1419123723551706e-07,1.4704861996311168e-10
13,5.143255474160393e-13,5.352448971267893e-10,3.467760167178727e-07,0.0001970610433872581,0.03624539899583273,0.9993319082184843,0.03619416504980997,0.00014487318255836454,3.4652878227462084e-07,2.879523210862838e-10
14,1.1215627875586938e-12,9.505256165376533e-10,5.4115056593307e-07,0.0002619172764480121,0.04188425044198637,0.9991053653089386,0.04182057558099004,0.00019686644074567772,5.407350302019435e-07,5.349056808402882e-10
15,2.2949520423383337e-12,1.623574133336011e-09,8.186130547722236e-07,0.00034147662207403254,0.04789493079332627,0.9988266527749344,0.04781702766114654,0.00026163943469836826,8.179394896398492e-07,9.498912691658607e-10
16,4.455805725979304e-12,2.6805414195828826e-09,1.2052744917101306e-06,0.0004377582959442287,0.054267979101028464,0.9984887844692713,0.054173967941503684,0.00034108935291178566,1.2042165412656838e-06,1.6224312833827519e-09
17,8.275309493235977e-12,4.295102900478933e-09,1.7328948473702942e-06,0.0005528946819538109,0.06099341376605178,0.9980844911747029,0.06088132925521349,0.0004372297327077382,1.7312785077311433e-06,2.6785521223834626e-09
18,1.479200656197052e-11,6.7017039621325866e-09,2.4396156446091347e-06,0.0006891271999738466,0.06806075816569186,0.9976062570769301,0.06792855654963251,0.0005521865393202142,2.4372059601450194e-06,4.2917458198798224e-09
19,3.242191225033175e-11,1.4455768273208653e-08,3.3707280388299365e-06,0.0010249578814474907,0.07545898478932682,0.9967213956658426,0.08302325594001,0.0006881939949497089,4.446702541595485e-06,6.696202687045613e-09
20,5.380149266108185e-11,2.0420103864399866e-08,4.708859758476736e-06,0.0012277540369106605,0.08315093996742805,0.9960229865235958,0.09105048085741307,0.000856133819470244,5.827003361146513e-06,1.0788114820346463e-08
21,8.719469530842095e-11,2.8688869711818154e-08,6.428595232978917e-06,0.0014597066458674531,0.09114759144060651,0.9952229060394182,0.09937415624875989,0.001051693935630338,7.573843393338713e-06,1.6663248608943237e-08
22,1.381270626361797e-10,4.000409616686624e-08,8.607385102757901e-06,0.0017234198933035337,0.09943672862771337,0.9943130147633354,0.10798173217214932,0.0012775218538463413,9.763156048100588e-06,2.491132863563396e-08
23,2.1423945761399168e-10,5.529638500430601e-08,1.1333504785724765e-05,0.002021580550984906,0.10800579735464268,0.9932851465961633,0.11686033594622997,0.0015363510722080315,1.2482002772937299e-05,3.627644525608113e-08
24,3.2594164929280196e-10,7.572014508090336e-08,1.4706951080214135e-05,0.0023569524098991045,0.11684193044137443,0.9921311507811167,0.12599680334840974,0.0018309955144721352,1.58295173337556e-05,5.1687738032464115e-08
25,4.87222783685019e-10,1.0269332304852935e-07,1.884035897993053e-05,0.002732370498090148,0.12593197870606615,0.9908429340514753,0.13537771015950784,0.00216434374680918,1.991786934037083e-05,7.229435857859923e-08
26,7.16650778617743e-10,1.3794194848889373e-07,2.3859936021978984e-05,0.003150735090682057,0.13526254227604312,0.9894125027447436,0.14498940394319823,0.002539352979782388,2.4873244236082314e-05,9.950505115177743e-08
27,1.03858955761854e-09,1.8354981705370247e-07,2.9906411413967104e-05,0.0036150055195167162,0.1448200020955844,0.9878320046942787,0.15481803594891333,0.0029590428626746954,3.0836836893164436e-05,1.350326876391589e-07
28,1.7465443919933826e-09,3.0851558456666137e-07,3.713599711263148e-05,0.004674695199007533,0.15458934483103695,0.9850909330565851,0.1751203736401809,0.0034264889133095774,4.5830349826790244e-05,1.8094501343191055e-07
29,2.4508901469429957e-09,3.9227450475142716e-07,4.630087501883987e-05,0.005273996793061333,0.164507493201165,0.9830976702715095,0.18556849265577674,0.003961879632992706,5.5107751692494145e-05,2.4595396195525864e-07
30,3.402412403814135e-09,4.970640866068845e-07,5.7136052043733685e-05,0.0059291440951735825,0.17460709055353696,0.980928489310257,0.19618034392634848,0.004553688653956739,6.59975045719015e-05,3.286607280152142e-07
31,8.15140345741355e-09,1.2981205257195493e-06,6.986099131118005e-05,0.009888758909934403,0.18486051590844818,0.9723252736978528,0.25182654902418106,0.005205201134938116,0.00014062588948125074,4.32864620270761e-07
32,1.2485174229987178e-08,1.5563833116383983e-06,0.00010854841609548877,0.010849527552740249,0.20537867745192043,0.9681241677351629,0.26332576319654016,0.006848878909187082,0.00016164538568272716,8.181331073922788e-07
33,1.6477905679639758e-08,1.8685036472962942e-06,0.00013219797648902988,0.011880292340246807,0.21584755456888474,0.964844000557084,0.2749002623467347,0.007776474995467785,0.00018564333854494567,1.074814381293653e-06
34,2.1604612526164945e-08,2.244002178853062e-06,0.00015942727093523978,0.012983967330288282,0.22641687017113493,0.9613514047616989,0.2865335423435589,0.008785304856882909,0.00021295778264798562,1.388616009077628e-06
35,2.8132730933176828e-08,2.693753681442524e-06,0.00019060185062952316,0.014163452786241806,0.2370728382308648,0.9576426622778318,0.2982114934492902,0.009878880420538642,0.00024395399458523962,1.7690894768970715e-06
36,3.63840446190108e-08,3.23012671172175e-06,0.00022611197726914194,0.015421627141941353,0.24780178078023907,0.9537146174391962,0.3099201927959457,0.0110606836340213,0.00027902551069388455,2.2270997411879177e-06
37,4.674356259178849e-08,3.867127344309838e-06,0.00026637339434614843,0.01676133964771934,0.25859015290450793,0.9495647003827956,0.3216459285158699,0.012334158047473641,0.00031859511474148353,2.7749620621014897e-06
38,7.660269725281837e-08,4.74037227306304e-06,0.0004133775657985801,0.01824847490320091,0.2914732072076724,0.9412814151936051,0.33318850714607473,0.016648784645820782,0.0003678510802738331,4.934590770770113e-06
39,1.194503695324968e-07,8.134931935155584e-06,0.00047195784659001425,0.023170087334185904,0.3025175154134441,0.930737614896811,0.36803213321203987,0.01825586187340003,0.0005453493380568929,5.857483831357868e-06
40,1.4903511700458535e-07,9.567779268836327e-06,0.0005425513939148384,0.024967067453895934,0.313408537549214,0.9254622107578807,0.37964503213441153,0.0200283808363883,0.0006154175215634874,7.086889146523202e-06
41,1.850314933044556e-07,1.1228460720881237e-05,0.0006209755862206382,0.026861851304944957,0.3242814288305547,0.9199628099779126,0.39119864439006247,0.021911741852893674,0.0006931842471599144,8.52034137407382e-06
42,2.2862789613050593e-07,1.3147100825752979e-05,0.0007078459139790717,0.028856872656581153,0.33512419018618,0.9142413897953693,0.40268129541053954,0.02390888933597243,0.000779298799091445,1.0185090148567484e-05
43,2.811990944801092e-07,1.5356935947864218e-05,0.0008038083991817657,0.03095447738561149,0.34592511551990773,0.9083006094337281,0.41408166656251544,0.026022662744656,0.000874446001118581,1.2111300731281769e-05
44,3.443300518502497e-07,1.7894540636663257e-05,0.0009095400154115445,0.03315691651721133,0.3566728060253031,0.9021438100134086,0.4253888068745508,0.02825578855729231,0.0009793467797573519,1.4332284772226895e-05
45,4.1984213091589834e-07,2.0800063320876195e-05,0.0010257490542727478,0.03546633939920301,0.36735618318038615,0.8957750117231518,0.43659214329473567,0.030610872393261494,0.001094758663454369,1.6884742179615884e-05
46,5.0982184316267e-07,2.4117471288739642e-05,0.0011531754354069245,0.03788478702816149,0.3779645004177102,0.8891989082689493,0.44768148948624675,0.033090391304887966,0.001221476214525487,1.9809014114215333e-05
47,6.166523135325141e-07,2.789480487370562e-05,0.001292590957384727,0.040414185545646214,0.3884873534711035,0.8824208586305201,0.4586470531742909,0.03569668626134877,0.0013603313907598047,2.314934709482931e-05
48,7.430476441211632e-07,3.218444074496322e-05,0.0014447994868454711,0.04305633992273412,0.39891468940629665,0.8754468761669855,0.4694794420642371,0.03843195484628057,0.0015121938336794196,2.6954168176453215e-05
49,8.920903542088658e-07,3.70433641604798e-05,0.0016106370833210446,0.04581292785082472,0.4092368143483793,0.8682836151247931,0.48016966835680075,0.04129824419058582,0.0016779710805206913,3.127637111644572e-05
50,1.1625105370753881e-06,4.839705684276594e-05,0.0017909719327590414,0.05163506949031802,0.41936751729258664,0.856615523976449,0.5012707395941068,0.04429725867675272,0.0020482385265380397,3.61748001026805e-05
51,1.3835739955821636e-06,5.4989192472994375e-05,0.0019926885550335194,0.05470119514068093,0.42932898350768045,0.8489983738317962,0.5116002333572929,0.04746882436502586,0.0022540751135998994,4.199422858443032e-05
52,1.931493694992032e-06,7.854088819033434e-05,0.0022113493269884663,0.06448298147881898,0.43894484323101235,0.8318307588885613,0.5420486670164889,0.050778150183408775,0.0029536957880638816,4.856524288514926e-05
53,2.472773775729022e-06,8.830812562429693e-05,0.002724442296932826,0.0679783927206065,0.45789860041156494,0.8204116492780211,0.5516700824988099,0.057934209747835815,0.003225160070702565,6.536492767830695e-05
54,2.9036679370173344e-06,9.917859565513742e-05,0.0030083081220513876,0.07159315265122462,0.4671461936470941,0.8121327994168762,0.5611904976479376,0.06171027380919458,0.0035175939670575858,7.512902580742722e-05
55,3.400618658740161e-06,0.00011125815519861763,0.0033139576771092564,0.0753273379363762,0.4762286235358165,0.8037392053891986,0.570507890107947,0.06563108716312843,0.003832190616545808,8.604431508946544e-05
56,3.972270244671582e-06,0.00012465814557698855,0.003642517156561966,0.07918115193143933,0.48513950581688897,0.7952423216921973,0.579617026695509,0.06969718821020393,0.004170180294039044,9.821833109426271e-05
57,4.979474114328344e-06,0.00015514896131658417,0.003995140141209403,0.08720688638275932,0.4936883521779098,0.781541821112811,0.5974780310143667,0.07390801309925717,0.004909933497959454,0.00011177227997254195
58,5.777548720864031e-06,0.0001724267076612959,0.004382248938607814,0.09137633534911703,0.5020999228889733,0.7728267056185413,0.6060609838637478,0.07830194306810524,0.005313448312823103,0.0001274448171776682
59,6.688608183259076e-06,0.0001914655175777168,0.0047966322546298176,0.09566321876469557,0.510321961005794,0.7640515692469035,0.6144192465480522,0.08284314483163864,0.005744717131419764,0.00014482799414406635
60,7.72624160628661e-06,0.00021241397547845214,0.005239544025084381,0.10006691461432937,0.5183496699368818,0.7552293018344342,0.6225493037433272,0.08753125432748032,0.006205116126700429,0.00016406764859395993
61,8.905415759544021e-06,0.0002354301704301888,0.005712262104866738,0.10458662577452423,0.5261785954177325,0.7463730033656445,0.6304479823922751,0.09236568425621915,0.006696054161744268,0.00018531918162971472
62,1.0242585931294479e-05,0.0002606820679159544,0.0062160870869761905,0.10922137925298556,0.5338046188713744,0.7374959439370046,0.6381124404676384,0.09734562263996349,0.007218971618655924,0.00020874797134583673
63,1.1755813341552281e-05,0.0002883478831265435,0.006752341035239167,0.11397002582236303,0.5412239502798363,0.7286115232214132,0.6455401553671011,0.10247003188450138,0.007775339119842427,0.0002345297913344078
64,1.3464889326202158e-05,0.0003186164550552645,0.00732236613087112,0.11883124005086144,0.548433120630803,0.71973322959866,0.6527289120204001,0.1077376483508274,0.008366656141382626,0.00026285123336640035
65,1.5391466500053043e-05,0.0003516876206402908,0.007927523233218395,0.1238035207311272,0.5554289740035618,0.7108745991173653,0.6596767907884833,0.11314698244017724,0.00899444951843941,0.0002939101334918724
66,1.7559197102049016e-05,0.0003877725881696614,0.008569190355234242,0.1288851917075703,0.5622086593577172,0.7020491744529458,0.6663821552331636,0.11869631919506275,0.009660271842911003,0.00032791600076309725
67,1.9993878720589646e-05,0.00042709430913575545,0.00924876105446152,0.13407440310100505,0.5687696220872515,0.6932704640246002,0.6728436398339775,0.12438371941711696,0.010365699753770767,0.000365090447746527
68,2.2723607589291812e-05,0.000469887847697105,0.00996764274051682,0.13936913292822659,0.5751095954012257,0.6845519014319451,0.6790601377268265,0.13020702130086462,0.011112332120804817,0.00040566762195048814
69,2.577893963951777e-05,0.00051640074688188,0.010727254900301261,0.1447671891128659,0.5812265915908551,0.6759068053689339,0.6850307885364385,0.13616384258082062,0.011901788122726895,0.00044989463726172906
70,2.919305948374904e-05,0.0005668933906374154,0.011529027242390666,0.15026621188259381,0.5871188932407361,0.6673483401689204,0.6907549663717975,0.14225158318760697,0.01273570522092045,0.0004980320044436478
71,3.300195749798803e-05,0.00062163936080853,0.012374397762295838,0.15586367654649425,0.5927850444398708,0.6588894771304056,0.6962322680505146,0.1484674284070657,0.01361573703034059,0.0005503540597169012
72,3.724461516025556e-05,0.0006809257881025917,0.013264810730520726,0.1615568966451884,0.5982238420456077,0.6505429567679412,0.7014625016145133,0.15480835253465416,0.01454355108939311,0.0006071493904077338
73,4.196319879159907e-05,0.0007450536960771029,0.014201714605586266,0.16734302746507282,0.6034343270508916,0.6423212521270787,0.706445675195625,0.16127112301572452,0.015520826530898393,0.0006687212566164556
74,4.7203261834215295e-05,0.0008143383371644648,0.015186559874430279,0.17321906990685643,0.6084157761022897,0.634236533296082,0.7111819862855805,0.16785230506064855,0.016549251656542925,0.0007353880078266415
75,5.3013955788492286e-05,0.0008891095197288651,0.01622079682283635,0.17918187469742927,0.6131676932129805,0.6263006332403734,0.7156718114605349,0.17454826672213083,0.017630521417518356,0.0008074834933450195
76,5.944824991698366e-05,0.000969711925131879,0.01730587323878851,0.18522814693298661,0.6176898017116074,0.6185250150785307,0.7199156966057461,0.18135518442049356,0.01876633480435007,0.0008853574654327723
77,6.656315980851731e-05,0.001056505413766614,0.018443232051891714,0.19135445094027204,0.6219820364642458,0.6109207409109472,0.7239143476812471,0.18826904890119125,0.019958392149219375,0.0009693759739612295
78,7.441998487980605e-05,0.0011498653190049528,0.019634308912239305,0.19755721544179858,0.6260445364030873,0.6034984423042402,0.7276686220645066,0.19528567160737006,0.021208392344386796,0.001059921751398692
79,8.308455487505113e-05,0.0012501827279889322,0.0208805297123503,0.20383273900993917,0.6298776373915989,0.5962682925260661,0.7311795205010501,0.20240069144888617,0.02251802998062925,0.0011573945869105735
80,9.262748540609879e-05,0.0013578647481854043,0.022183308056034644,0.21017719579390534,0.6334818654519448,0.5892399806162033,0.7344481796888519,0.20960958194789514,0.02388899240990461,0.0012622116883321502
81,0.0001031244425567257,0.001473334758613134,0.023544042678280287,0.21658664150279056,0.6368579303765063,0.5824226873708103,0.7374758655172169,0.216907658739875,0.025322956736760865,0.0013748080307522414
82,0.00011465641655456104,0.0015970326446432934,0.024964114820483746,0.22305701962711214,0.6400067197412457,0.5758250633074639,0.7402639669755826,0.2242900874078148,0.026821586743303143,0.0014956366904269652
83,0.00012731000449312953,0.001729415015268244,0.02644488556557045,0.22958416788058958,0.6429292933345632,0.5694552086691563,0.7428139907424719,0.23175189162622803,0.028386529752827048,0.0016251691627257349
84,0.0001411777020636378,0.0018709554017286307,0.027987693137768055,0.2361638248433069,0.6456268780112779,0.5633206555159237,0.7451275564596841,0.23928796159070123,0.030019413437514426,0.0017638956627959606
85,0.00015635820423439152,0.0020221444363883044,0.029593850172007625,0.24279163678687107,0.6481008629772192,0.5574283519430404,0.7472063926915822,0.24689306270783462,0.03172184257587258,0.0019123254076216496
86,0.00017295671478926848,0.0021834900107445903,0.03126464095812784,0.24946316466174084,0.6503527955060072,0.5517846484551413,0.749052333564369,0.25456184451966885,0.03349539576586879,0.002070986878138452
87,0.00019108526461270774,0.0023555174114651698,0.03300131866525202,0.25617389122653916,0.6523843770855651,0.546395286515858,0.7506673160752292,0.26228884983606426,0.03534162209998258,0.0022404280600609493
88,0.00021086303858150585,0.0025387694333469254,0.0348051025518894,0.2629192282988974,0.6541974599881872,0.5412653892830639,0.7520533780564712,0.27006852404797266,0.03726203780864955,0.0024212166620716166
89,0.0002324167108961389,0.002733806468098958,0.036677175167486406,0.269694524107187,0.6557940442541574,0.5363994545302027,0.7532126567751068,0.2778952245941139,0.03925812287881965,0.0026139403100177245
90,0.00025588078865559753,0.0029412065678615365,0.038618679551309716,0.2764950707224076,0.6571762750754188,0.531801349744916,0.7541473881439051,0.2857632305533044,0.04133131765458103,0.002819206715761784
91,0.00028139796344989795,0.003161565482384352,0.04063071643469502,0.2833161115494888,0.658346440562348,0.5274743093869774,0.754859906515699,0.2936667523344849,0.04348301942702111,0.003037643819333211
92,0.0003718270308073984,0.004169903936865358,0.04484269787934029,0.3108409934136954,0.6574000012165965,0.5155561111950592,0.7590800043938721,0.3094386535711064,0.05283501492853666,0.003511763191786457
93,0.00040702650955398516,0.004450125016305655,0.04712396050144726,0.31771723446562056,0.657678229088104,0.5123485429861335,0.7589942598058246,0.31737766039369447,0.055328681029573445,0.00378639254612765
94,0.0004451276130520225,0.004746361406941284,0.04948180723171354,0.32458641556342627,0.6577588186579161,0.5094192118813428,0.7586997842189874,0.3253267426953897,0.05790561450054109,0.004077825804809232
95,0.00048632952289444175,0.005059308401577679,0.05191705537824145,0.33144363526801185,0.6576449784427651,0.5067675906285278,0.7581994252506917,0.33327992176895216,0.06056684730991963,0.00438681734200441
96,0.0005308422640578161,0.0053896787138550195,0.05443045927811538,0.33828400035148876,0.657340056578452,0.5043925566696819,0.7574961349558049,0.34123121240243537,0.06331334686230713,0.0047141415813083815
97,0.0005788871079463672,0.00573820227978821,0.05702270769133429,0.3451026329755027,0.6568475405843,0.5022924050837602,0.756592973006801,0.34917463243201374,0.06614601286378408,0.005060592863289134
98,0.000658186338128358,0.006482515221703104,0.059693266923259415,0.3587623506323764,0.6544791668417793,0.4995024545092295,0.7562876982959338,0.3569934830252418,0.07203719568961112,0.00542824662765479
99,0.0007159367604496273,0.006880498832741626,0.06247128648294676,0.3655123636540909,0.6535010196484371,0.49808843090829963,0.7549327317747838,0.36486912281732764,0.07509505748605248,0.005823666836134462
100,0.0007780877105516498,0.007299203039529228,0.06533075007529061,0.37222229522832795,0.6523492521784577,0.49693906520759323,0.7533894532758938,0.37271809626983043,0.078240825268069,0.006241270744005448
101,0.0008449156844223216,0.007739428165525583,0.06827203595388111,0.37888742361600936,0.6510280323614865,0.4960502217838011,0.7516613878309857,0.3805345506858262,0.08147504004833335,0.006681941639436569
102,0.0009167107047270869,0.00820199017965613,0.07129544283025735,0.38550308114038523,0.6495416680773187,0.49541728067269536,0.7497521855909307,0.3883126834178095,0.08479816028916264,0.00714658111008893
103,0.000993776741067462,0.008687720259771553,0.07440118777549778,0.392064660238223,0.6478946067002667,0.4950351594263621,0.7476656254987457,0.3960467502666754,0.08821055932446764,0.007636108639315191
104,0.001076432130197951,0.009197464315647545,0.07758940423100591,0.3985676192962224,0.6460914344703498,0.49489833594365235,0.7454056188199031,0.4037310736272133,0.09171252288891657,0.008151461158372168
105,0.0011650099953485484,0.009732082471000554,0.08086014013467555,0.40500748826385097,0.6441368756542727,0.4950008721620919,0.7429762124751321,0.41136005036377293,0.09530424676179168,0.0086935925538368
106,0.001414904296926603,0.010334710415684742,0.09461016916105225,0.4107770112619818,0.6413508862588303,0.4960981786458815,0.732622671794254,0.4421187593353589,0.0990858273498678,0.011068211874622199
107,0.0015271251706093544,0.010958217137075583,0.09820534249900911,0.41694303507706004,0.6389862162885174,0.49695620553104974,0.7295371694355346,0.44955384860940634,0.10296824530032597,0.011719089875080819
108,0.0016469675891899675,0.011611134107152083,0.10187951807821917,0.4230307622901923,0.6364902855600693,0.4980223743721921,0.7263038279648103,0.4569044525130163,0.10694313497143193,0.012400725872789287
109,0.0017748539591467337,0.012294400330578643,0.10563220722039622,0.4290361899695019,0.6338683722538199,0.4992889388877316,0.7229277010747852,0.4641655354839845,0.11101020779877972,0.01311414742311417
110,0.0019112241121488306,0.013008963972083442,0.1094628302051072,0.43495541374285374,0.6311258785656401,0.5007479032076024,0.7194139944438501,0.4713321857030089,0.11516906913311778,0.013860395410838946
111,0.0020565356871150614,0.01375578149861779,0.11337071551424585,0.4407846317781451,0.6282683277225415,0.5023910484031971,0.7157680654932895,0.47839962029220606,0.11941921685841522,0.014640523227303774
112,0.002211264502339941,0.014535816779906636,0.11735509922738932,0.4465201485177471,0.6253013605658243,0.5042099589455997,0.7119954225456901,0.4853631901527331,0.12376004018688663,0.015455595897472993
113,0.002375904916410806,0.015350040147629017,0.12141512457126107,0.4521583781679772,0.6222307316839378,0.5061960489918473,0.708101723356135,0.49221838444084437,0.12819081863615508,0.016306689156763213
114,0.0025509701765966553,0.016199427413553225,0.12554984162614274,0.4576958479454771,0.6190623050802749,0.5083405884026916,0.7040927729917745,0.49896083468325364,0.13271072119331095,0.01719488847755881
115,0.0028333926796204156,0.017105218928728908,0.1340206739400522,0.46276652509102206,0.6146214781453865,0.511617420067664,0.6969351350558151,0.5125108693660141,0.1373416055331414,0.019063815621860117
116,0.00303658527816748,0.018043160434411537,0.1383469040804761,0.4680274495402599,0.6112543994647626,0.5141107730592258,0.6926381280169673,0.5189637187307014,0.14206820391037306,0.020051859247608068
117,0.003252154858710384,0.019019940186591613,0.14274278446441502,0.47317747561355084,0.6078097720166431,0.5167312705751163,0.6882482566703075,0.5252884623515031,0.14688130989852835,0.021080635775004956
118,0.0034807032036706037,0.020036549948198482,0.14720693649836522,0.4782136710926561,0.6042938305277796,0.5194698498398295,0.6837720119289431,0.5314814265577648,0.15177960516053496,0.022151256521029894
119,0.0037228526147427216,0.021093980579438797,0.15173789098949247,0.48313322983095514,0.600712887073229,0.5223174379065932,0.6792160077422169,0.5375390972239161,0.15676165817826182,0.02326483659225769
120,0.004111108650287168,0.02221798116953148,0.16098255700824587,0.4874573500775119,0.5955197293071647,0.5264946114490545,0.6714272438149868,0.5497782626419236,0.16183851829622695,0.025596153205053568
121,0.004389555746630229,0.023376967212845004,0.16568113588283753,0.49206167965837316,0.5918194379397899,0.5295676490929042,0.6666803156541353,0.5554933320726952,0.16700987176607696,0.026824081395627322
122,0.004683949373672897,0.024580488723723627,0.1704396475411006,0.4965415560414269,0.5880756290669864,0.5327181943380808,0.6618787720703196,0.5610610755364673,0.17226034595370873,0.028098606452425255
123,0.0049950059881811735,0.025829521500700003,0.17525621933796667,0.5008947619014412,0.5842948148754864,0.5359373959360157,0.6570297471587481,0.5664787249568752,0.17758802240497748,0.029420838615389414
124,0.0053234635308225964,0.027125032878508558,0.18012889566942866,0.5051192133546835,0.5804835397396643,0.5392165033311165,0.6521404509807102,0.571743678219111,0.18299087280941223,0.030791884611768378
125,0.005670081508626587,0.02846798029792114,0.1850556396521286,0.5092129608300653,0.5766483706341569,0.5425468836943771,0.6472181588779579,0.5768534993174361,0.18846676056553638,0.032212846131905025
126,0.006413083051982623,0.029922314818809186,0.20012409422135596,0.5118927191877056,0.5690911548643172,0.548680182594078,0.6359439076257553,0.5927582021214791,0.19400063196411643,0.036684557952624604
127,0.006816812898490242,0.031400172708364975,0.205208864783453,0.5155547901909238,0.565243704244583,0.5521008726893227,0.6309386653183824,0.5974108109558709,0.19965273701391695,0.03826443798487611
128,0.007241963573515425,0.03292982709948755,0.21033666986815724,0.5190815352676066,0.561396415604229,0.5555397966264429,0.6259325120650621,0.601898684910755,0.20537099331403813,0.03989788891107244
129,0.007689399993396534,0.03451217423900301,0.21550508854646636,0.52247169887285,0.5575557267323074,0.5589891361053161,0.6209329719295994,0.606220221086515,0.21115277712243452,0.04158595083884482
130,0.008398646704201186,0.03618516121997855,0.22596767299064766,0.5249508821087433,0.5517710140067655,0.5638356694803746,0.6128797241662405,0.615210315144244,0.21696982709983065,0.045083769969530174
131,0.008904062429052938,0.03789476298347721,0.23122855448230664,0.5279782806657317,0.5479822156901741,0.5672720634582242,0.6079200819106658,0.6191219115593054,0.22288168653202858,0.04691324079955854
132,0.009434961812338416,0.03966040090211357,0.2365200279823286,0.5308666679194634,0.5442210990902844,0.5706931006975783,0.6029945124511217,0.6228622233289935,0.22884854538577173,0.04880046492541464
133,0.00999230223679438,0.04148287575036501,0.24183939796507278,0.5336154136007554,0.5404937984820425,0.5740919201325941,0.598110411540275,0.6264303631270236,0.23486737377780276,0.050746397888099475
134,0.01057706122912608,0.04336296095044482,0.2471839175073794,0.5362240232538821,0.5368063592672706,0.5774618916780345,0.5932750944812019,0.6298255982089762,0.24093505648725497,0.052751973341185254
135,0.011190236062737237,0.045301400928264714,0.25255079141851444,0.5386921378675339,0.5331647266194234,0.5807966210834781,0.5884957809999604,0.633047348702928,0.24704839666796075,0.05481810118990795
136,0.011832843307828366,0.04729890946970116,0.2579371794563837,0.5410195334304682,0.5295747341834148,0.5840899538461028,0.5837795801167007,0.6360951858657309,0.2532041197199525,0.056945665710707624
137,0.012505918327306903,0.04935616808000615,0.26334019962349225,0.5432061204169709,0.5260420928732069,0.587335978219749,0.5791334750758225,0.6389688303188811,0.25939887731165256,0.05913552365407976
138,0.013210514717006606,0.05147382434927581,0.26875693153596714,0.5452519432066446,0.5225723798098546,0.5905290273610825,0.5745643083957788,0.6416681502769099,0.2656292515438277,0.06138850233372153
139,0.013947703688775783,0.05365249032695188,0.2741844198588239,0.5471571794424831,0.5191710274425498,0.5936636806565735,0.5700787670989655,0.6441931597802524,0.2718917592460176,0.06370539770507483
140,0.014718573395062471,0.05589274090839722,0.2796196778005408,0.5489221393305751,0.5158433128947828,0.5967347642764622,0.5656833681815907,0.6465440169434206,0.27818285639579193,0.06608697243648608
141,0.015524228193701884,0.05819511223664001,0.2850596906599321,0.5505472648841226,0.5125943475770792,0.5997373510039897,0.5613844443826006,0.6487210222281969,0.2844989426508971,0.0685339539763112
142,0.01636578785169559,0.06056010012243496,0.2905014194182359,0.5520331291138525,0.5094290671069314,0.6026667593899419,0.5571881303095806,0.6507246167503152,0.29083636598406487,0.07104703261940766
143,0.01724438668686478,0.06298815848583654,0.29594180436930345,0.5533804351662227,0.5063522215754392,0.6055185522839343,0.553100348978145,0.6525553806268976,0.2971914274100355,0.07362685957655417
144,0.018161172646361117,0.06547969782252029,0.3013777687807767,0.5545900154101385,0.5033683661988887,0.6082885347948469,0.5491267988195423,0.6542140313705762,0.3035603857941446,0.07627404505043983
145,0.020571850140440412,0.068236625978569,0.32331310206959457,0.5520226122711056,0.49561892576560773,0.6140100057501979,0.5390346737273805,0.6637052518129177,0.3095588434562789,0.0872049356481265
146,0.022182459938169162,0.07359652312948782,0.32860335703284893,0.5545415704235057,0.4919788736613887,0.6178773408538119,0.5339981464213486,0.6634379848115955,0.32239551422184226,0.09013904842449073
147,0.023302688484275736,0.07639209005676319,0.3339620410725876,0.5550482277409979,0.4895195868193948,0.620173279918048,0.5306838677875928,0.664286464866682,0.32875516011414274,0.09312653666336101
148,0.024468217605928225,0.07925368821428837,0.33929574151161696,0.555426776207511,0.487174063831188,0.6223671003973175,0.5275151378093492,0.6649688051340632,0.33510856411898193,0.09618297945313414
149,0.025680255440502148,0.08218139455178507,0.3446013801572823,0.5556789708427726,0.48494523427923525,0.6244562143605794,0.5244957962076563,0.6654865861317094,0.3414518255091192,0.09930863730353083
150,0.027562754921903042,0.08525958051591156,0.35525847067131233,0.5544334382498167,0.48159624941360846,0.6271759231788392,0.5201280544864336,0.6676821013578201,0.3475881395332112,0.10567162487746995
151,0.028892746252927905,0.08834007977202772,0.3604777900462595,0.5543604860335684,0.47967242437541935,0.6289883539817456,0.5175022536581692,0.6678176378061235,0.3538728981166935,0.10896923479195272
152,0.03027350711997845,0.09148711595218038,0.3656575059983863,0.5541692396564176,0.477872736852035,0.6306886138844462,0.5150378464163116,0.6677945910609925,0.3601352768303248,0.1123359278647992
153,0.03170624893452458,0.09470051501949464,0.37079463861245066,0.5538620080107949,0.47619894989469563,0.6322750321560807,0.5127372388919292,0.6676150578306403,0.3663713919053076,0.11577170054397434
154,0.03319217981941925,0.09798004204480835,0.3758862389806884,0.5534412117664479,0.4746525657228356,0.6337461277033739,0.5106025009547893,0.6672812540888465,0.372577375338892,0.11927648853759941
155,0.03473250281467618,0.10132540030997264,0.38092939252880326,0.5529093813374203,0.47323482440235726,0.6351006042991766,0.508635363470203,0.6667955142460588,0.37874937986412366,0.12285016540667541
156,0.03632841402198465,0.10473623048637429,0.38592122228014186,0.5522691547372435,0.4719467031990285,0.6363373459120772,0.5068372165091192,0.6661602903320375,0.3848835838586106,0.12649254122093348
157,0.03798110068955626,0.10821210989179607,0.3908588920541155,0.5515232753168218,0.47078891660691774,0.6374554121657193,0.5052091085141742,0.6653781511775428,0.3909761961831617,0.13020336128200027
158,0.039691739239130955,0.11175255182864657,0.39573960959525284,0.5506745893795358,0.4697619170489829,0.6384540339532483,0.503751746420304,0.6644517815818781,0.3970234609415468,0.13398230491802826
159,0.0414614932372032,0.11535700500651563,0.4005606296295971,0.5497260436681654,0.468865896244153,0.6393326092290165,0.5024654967243599,0.6633839814524337,0.4030216621530539,0.13782898435391655
160,0.043291511312769745,0.11902485305191074,0.4053192568454739,0.5486806827183702,0.4681007872324998,0.6400906989963171,0.5013503874941554,0.6621776649018406,0.4089671283299579,0.141742943661197
161,0.046198618901450716,0.12642206484673388,0.40976869787329145,0.5478606268753561,0.4672792549531758,0.6410816879008625,0.5000085968522592,0.658874496547532,0.4210400592462398,0.14582222015212662
162,0.048187519059088406,0.1302571940176485,0.4143605723878508,0.5466014468229433,0.4668363308625512,0.641542179414748,0.4993129313931096,0.6573129505260282,0.426852627578218,0.14990318598526883
163,0.05024053880237898,0.1341523229863132,0.41888185008597995,0.5452557655209436,0.466522807645205,0.641881910568743,0.4987850540340224,0.655624727603333,0.4325987484066299,0.15405002203292836
164,0.05235873444150712,0.1381065311739899,0.42333009214701,0.5438270009467937,0.46633751164233966,0.6421011287414548,0.4984235142495118,0.653813288520613,0.43827500583141304,0.15826196149070446
165,0.05454313501978561,0.1421188325837562,0.4277029241607077,0.5423186523933159,0.4662790312896094,0.6422002263067337,0.49822655182947523,0.6518822021064551,0.44387805279353687,0.16253816438265098
166,0.05679473995294681,0.1461881759511258,0.431998038594868,0.5407342969291288,0.4663457230195838,0.6421797381102686,0.4981921044974161,0.6498351436235335,0.44940461483567923,0.16687771710706725
167,0.06372160002272778,0.15092860523649831,0.4539595917577225,0.5327361233882423,0.46750572715511074,0.6413666370805974,0.49908435074002827,0.6470625626962128,0.452909295842019,0.18868001303171078
168,0.06623093871330187,0.1551650892308892,0.45791733894951975,0.5308474797068913,0.4680645103492004,0.640858104423515,0.4997026857624006,0.6446694481103185,0.45804067695110123,0.1932430197059523
169,0.0688120646172713,0.15945561097457786,0.4617840606468044,0.5289064157702363,0.4687342086120369,0.6402346880641562,0.5004719274416582,0.6421765620678405,0.46308524217791763,0.19786052770798582
170,0.07146574273172049,0.16379876600361035,0.46555790253862467,0.5269169994004803,0.4695118943089002,0.6394977529586522,0.5013884017130547,0.6395879861063879,0.4680402169787418,0.20253116392251794
171,0.07419269165255821,0.16819308559202442,0.4692370930334029,0.5248833424723478,0.47039446784794553,0.6386487948897964,0.5024481985572428,0.6369078925727033,0.47290291813075863,0.2072534853684953
172,0.07699358114330852,0.17263703772719133,0.4728199449366425,0.5228095957299438,0.4713786669158405,0.6376894394429924,0.5036471844531083,0.6341405418291864,0.4776707564783333,0.2120259797486387
173,0.07986902971753462,0.1771290282024174,0.47630485704750036,0.5206999434497961,0.47246107596146014,0.6366214410751417,0.5049810152291313,0.6312902792219925,0.4823412395314972,0.21684706612347027
174,0.08281960224107858,0.18166740182716265,0.47969031567593695,0.5185585979558024,0.4736381358924904,0.6354466822510363,0.506445149260993,0.6283615318024879,0.4869119739167548,0.22171509571145076
175,0.08584580756048306,0.1862504437550225,0.48297489608223143,0.5163897939927461,0.47490615394965074,0.6341671726207986,0.5080348609625843,0.62535880479513,0.4913806676807136,0.22662835281660137
176,0.08894809616412051,0.190876380929374,0.4861572638407307,0.5141977829658986,0.47626131372334646,0.6327850482110317,0.5097452545173269,0.6222866778060915,0.49574513244751656,0.231585055884745
177,0.09212685788270888,0.1955433836463852,0.4892361761297132,0.5119868270551637,0.4776996852777722,0.6313025706018,0.5115712777967306,0.6191498007683721,0.5000032854313926,0.23658335868927272
178,0.09538241963602379,0.20024956723482698,0.4922104829492799,0.5097611932130619,0.4792172353479263,0.6297221260612021,0.5135077364133861,0.6159528896205253,0.5041531513060388,0.24162135164705964
179,0.0987150432327308,0.20499299385190417,0.49507912826915285,0.5075251470567247,0.48080983757554746,0.6280462246092,0.51554930785611,0.612700721717614,0.5081928639328801,0.24669706326491683
180,0.10212492323036432,0.20977167439407335,0.49784115110821364,0.5052829466649109,0.48247328275073453,0.6262774989825264,0.5176905556557599,0.6093981309745075,0.5121206679505491,0.2518084617166749
181,0.10561218486254591,0.21458357052156882,0.5004956865475623,0.5030388362918382,0.4842032890268865,0.6244187034728714,0.519925943531255,0.6060500027431661,0.5159349202282154,0.25695345655072743
182,0.12342488686918485,0.22137288451882467,0.5261561339476168,0.49027218728796457,0.497355015212072,0.6151615779528511,0.5317772743740172,0.5915840267692815,0.5120930456842204,0.3022953480090377
183,0.12726905627704704,0.2262084848755417,0.5281576030020715,0.4881278618327798,0.49941819054827746,0.6127908216546213,0.5345057295067422,0.588159324852872,0.5150510223539796,0.30746806356113876
184,0.1311903833118488,0.23107000799849783,0.5300436069856509,0.48601995778973,0.5015115202085844,0.6103529724443362,0.5372918687465696,0.5847155188972356,0.5178963940948876,0.31265182870341385
185,0.13518839119360182,0.23595517335628935,0.5318139984614146,0.4839524746881231,0.5036304712661018,0.6078517339883881,0.5401298325908228,0.5812573902440085,0.5206285053884206,0.3178441933783237
186,0.1392625202332523,0.2408616664953829,0.5334687319937121,0.4819293258865332,0.5057705328020686,0.6052909117699925,0.5430137744626492,0.5777897252449963,0.5232468165135142,0.32304267795784775
187,0.14341212683902402,0.2457871419610837,0.5350078646462652,0.4799543317754522,0.5079272241648126,0.602674409325056,0.5459378725143642,0.5743173088115934,0.5257509039089724,0.32824477618736336
188,0.1476364826636856,0.2507292263111047,0.536431556441469,0.47803121309897306,0.510096102923822,0.6000062241219438,0.5488963409940788,0.5708449178017693,0.528140460424773,0.33344795822431367
189,0.15193477389870402,0.2556855212175884,0.5377400707803217,0.4761635844150678,0.5122727725072768,0.5972904430774453,0.5518834411499759,0.5673773142599616,0.5304152954645933,0.3386496737675903
190,0.15630610072099815,0.2606536066531632,0.5389337748219188,0.474354947713932,0.5144528895133237,0.5945312377037392,0.5548934916494587,0.5639192385262732,0.5325753350217397,0.34384735527326055
191,0.16074947689771105,0.2656310441563403,0.5400131398210721,0.47260868621367225,0.5166321706873018,0.5917328588837761,0.5579208784934011,0.5604754022324401,0.5346206216105962,0.34903842125197504
192,0.16526382955409846,0.2706153801713044,0.5409787414221673,0.4709280583523332,0.5188063995590355,0.5888996312751517,0.560960064408718,0.5570504812030047,0.5365513140955698,0.3542202796430965
193,0.1698479991092868,0.2756041494568715,0.5418312599069421,0.46931619199488533,0.5209714327361471,0.5860359473451534,0.5640055977054568,0.5536491082809663,0.5383676874193433,0.359390331260305
194,0.1745007393842731,0.2805948785591416,0.5425714803934715,0.4677760788733375,0.5231232058511773,0.5831462610423678,0.5670521205876428,0.5502758660980159,0.5400701322321104,0.36454597330314137
195,0.17922071788613395,0.2855850893421102,0.543200292983173,0.46631056927757625,0.5252577391620213,0.5802350811128166,0.5700943769100401,0.5469352798100999,0.5416591544232385,0.36968460292868305
196,0.18400651627197948,0.29057230257026423,0.5437186928523209,0.46492236701392575,0.5273711428069169,0.5773069640712498,0.573127219375981,0.5436318098197211,0.543135374556676,0.3748036208772712
197,0.18885663099572655,0.29555404153692766,0.5441277802840526,0.46361402464766444,0.5294596217167556,0.5743665068406928,0.5761456161742234,0.540369844506798,0.5444995272111172,0.37990043514592636
198,0.19376947414027956,0.3005278357319077,0.5444287606365699,0.4623879390449816,0.5315194801890786,0.5714183390759046,0.5791446570556631,0.5371536929903649,0.545752460225811,0.38497246470286545
199,0.19874337443719675,0.3054912245417451,0.5446229442427912,0.4612463472289467,0.5335471261294752,0.5684671151887155,0.5821195588533985,0.533987577943624,0.546895133852597,0.39001714323625214
200,0.20377657847538308,0.3104417609756605,0.5447117462364301,0.46019132256313783,0.5355390749674722,0.5655175060955713,0.5850656704523,0.530875628485074,0.5479286198145671,0.3950319229300941
201,0.20886725209979837,0.31537701541008034,0.5446966862991024,0.4592247712755527,0.537491953255175,0.5625741907097199,0.5879784772167005,0.5278218731684673,0.5488541002714745,0.40001427825996627
202,0.21401348200058626,0.3202945793444168,0.5445793883228169,0.458348429334355,0.5394025019580445,0.5596418472025847,0.5908536048872456,0.5248302330943431,0.5496728666918139,0.40496170980103396
203,0.2192132774924325,0.3251920691605895,0.5443615799819137,0.45756385968586394,0.5412675794481715,0.5567251440607236,0.5936868229601471,0.5219045151656946,0.5503863186312293,0.4098717480406249
204,0.22446457248334978,0.33006712987860226,0.5440450922082953,0.456872449864013,0.543084164211258,0.5538287309665522,0.5964740475641996,0.5190484055100884,0.5509959624166848,0.41474195718744594
205,0.2297652276314535,0.334917438900311,0.5436318585636134,0.4562754099792692,0.5448493572792642,0.5509572295325875,0.599211343852847,0.5162654630901774,0.5515034097356228,0.4195699389693291
206,0.2351130326876477,0.3397407097333816,0.54312391450189,0.4557737710937239,0.5465603844012835,0.5481152239203864,0.6018949279303721,0.5135591135240677,0.5519103761290945,0.42435333641126766
207,0.24050570902148558,0.3445346956872783,0.5425233965159821,0.45536838398776147,0.5482145979656983,0.5453072513765859,0.6045211683328766,0.5109326431364378,0.5522186793876803,0.4290898375853362
208,0.2459409123268097,0.3492971935330163,0.541832541161175,0.45505991832236886,0.5498094786870037,0.5425377927194924,0.6070865870861364,0.5083891932606157,0.5524302378487869,0.4337771793239785
209,0.25141623550309417,0.3540260471182995,0.5410536839492164,0.4548488621998038,0.5513426370709648,0.5398112628105441,0.6095878603637022,0.5059317548110642,0.5525470685937968,0.43841315088804544
210,0.2569292117077533,0.35871915092956247,0.5401892581060714,0.4547355221239454,0.5528118146718143,0.5371320010455868,0.6120218187696155,0.5035631631448406,0.5525712855433306,0.4429955975808634
211,0.2624773175739854,0.3633744535923812,0.5392417931867868,0.4547200233602944,0.5542148851552444,0.5345042619013852,0.614385447271036,0.501286093229674,0.552505097448811,0.4475224242995666
212,0.2680579765880646,0.36798996130164946,0.5382139135409453,0.4548023106941986,0.555549855180771,0.5319322055730419,0.6166758848067392,0.49910305513524295,0.5523508057783867,0.451991599014875
213,0.2736685626193092,0.3725637411728834,0.5371083366223594,0.45498214958450695,0.5568148651168243,0.5294198887380176,0.6188904235979366,0.4970163898631575,0.5521108024951896,0.4564011561704692
214,0.27930640359529907,0.3770939245060087,0.5359278711368767,0.4552591277085042,0.5580081896015474,0.5269712554823174,0.6210265081881928,0.495028265529943,0.5517875677258754,0.4607491999931304
215,0.28496878531426123,0.3815787099529841,0.5346754150224365,0.45563265689263105,0.5591282379618431,0.5245901284240378,0.6230817342393384,0.49314067391611194,0.5513836673173543,0.4650339077048254
216,0.29065295538589564,0.3860163665806457,0.5333539532558168,0.4561019754221955,0.5601735545026256,0.5222802000689065,0.6250538471102093,0.49135542739308297,0.5509017502796357,0.46925353262796526
217,0.29635612729130845,0.390405236820211,0.5319665554809067,0.4566661507219968,0.5611428186776095,0.5200450244317091,0.6269407402448418,0.4896741562383875,0.5503445461127576,0.47340640717514904
218,0.30207548455208805,0.394743739294947,0.5305163734537383,0.4573240823985514,0.5620348451522201,0.5178880089565574,0.6287404533963122,0.4880983063481799,0.5497148620158437,0.4774909457147826
219,0.3078081849980109,0.3990303715176171,0.5290066382999966,0.45807450563342483,0.5628485837684236,0.5158124067678299,0.630451170711894,0.4866291373546754,0.5490155799764497,0.4815056473041135
220,0.3135513651222773,0.4032637124494306,0.5274406575812133,0.45891599491602997,0.563583119420356,0.5138213092823259,0.6320712187044202,0.48526772115464867,0.5482496537384779,0.4854490982813386
221,0.3193021445126782,0.4074424249123861,0.5258218121664646,0.45984696810318504,0.5642376718487654,0.511917639211714,0.6335990641339443,0.4840149408536812,0.5474201056471721,0.4893199747086566
222,0.32505763034657736,0.41156525784705433,0.5241535529069559,0.4608656907917032,0.5648115953612378,0.5101041439827594,0.6350333118227106,0.48287149012933644,0.5465300233698662,0.4931170446583087
223,0.3308149219371521,0.4156310484080623,0.5224393971115534,0.4619702809893361,0.565304378484192,0.5083833896010261,0.6363727024253645,0.48183787301494335,0.5455825564914485,0.496839170333897
224,0.3365711153178997,0.4196387238897656,0.5206829248220216,0.4631587140685366,0.5657156435515669,0.5067577549818961,0.6376161101750369,0.48091440410419894,0.5445809129837813,0.5004853100195354
225,0.34232330785204396,0.42358730347484314,0.5188877748874439,0.4644288279866868,0.5660451462340479,0.505229426770699,0.6387625406245866,0.4801012091752804,0.5435283555486323,0.504054519849654
226,0.34806860285314056,0.4274758997988474,0.5170576408380912,0.46577832875574215,0.5662927750116044,0.503800394671659,0.6398111284008342,0.4793982262317252,0.5424281978340452,0.5075459553926133
227,0.3538041142028808,0.4313037203240394,0.5151962665598026,0.4672047961435945,0.5664585505910217,0.5024724473031293,0.640761134988049,0.47880520695586454,0.5412838005244563,0.5109588730416155
228,0.35952697095186115,0.43507006851618457,0.5133074417707619,0.46870568958891584,0.5665426252690235,0.5012471685942774,0.6416119465553554,0.478321718569197,0.5400985673052935,0.5142926312067689
229,0.3652343218888859,0.43877434481835154,0.5113949973034484,0.4702783543107893,0.5665452822405406,0.5001259347360495,0.6423630718410371,0.47794714609271166,0.5388759407032441,0.5175466913025599
230,0.37092334006424127,0.44241604741614676,0.5094628001953803,0.4719200275940457,0.5664669348506235,0.499109911696784,0.6430141401049918,0.4776806949988245,0.5376193978038684,0.5207206185254125
231,0.376591227252294,0.44599477278925376,0.5075147485932161,0.4736278452309801,0.5663081257875243,0.4982000533104163,0.6435648991588374,0.4775213942453355,0.5363324458487316,0.5238140824164613
232,0.3822352183387359,0.44951021604456864,0.5055547664756609,0.4753988480998861,0.5660695262134944,0.49739709994270564,0.6440152134813935,0.4774680996805484,0.5350186177147844,0.526826857205141
233,0.38785258561784397,0.45296217102673375,0.5035867982015718,0.47722998886079276,0.5657519348289525,0.4967015777384362,0.644365062425454,0.4775194978075656,0.5336814672792517,0.5297588219296905
234,0.39344064298521103,0.4563505302023523,0.5016148028905895,0.47911813874875553,0.5653562768648434,0.49611379845005127,0.6446145385200208,0.4776741098946493,0.5323245646739,0.5326099603312109
235,0.3989967500115547,0.4596752843146951,0.49964274864454844,0.4810600944451348,0.5648836029972037,0.4956338598456865,0.6447638458703564,0.47793029641750684,0.53095149143311,0.5353803605184284
236,0.4045183158834438,0.4629365218062862,0.49767460661886526,0.48305258500748355,0.5643350881772876,0.4952616466921616,0.6448132986565205,0.4782862618184235,0.5295658355408414,0.5380702144009393
237,0.4100028031970516,0.46613442800730476,0.4957143449540165,0.48509227883889555,0.5637120303699382,0.494996832306055,0.644763319729323,0.47874005956626065,0.5281711863821373,0.5406798168892409
238,0.41544773159138865,0.469269284088359,0.4937659225781319,0.48717579067801536,0.5630158491923877,0.49483888066367177,0.6446144393010027,0.47928959750056144,0.5267711296055039,0.5432095648605191
239,0.4208506812078984,0.4723414657768152,0.49183328289263745,0.4892996885913377,0.5622480844452009,0.49478704905845017,0.6443672937263456,0.4799326434422864,0.5253692419030929,0.5456599558897581
240,0.42620929596372953,0.47535144183648165,0.4899203473537234,0.49146050094987953,0.5614103945267268,0.4948403912921432,0.6440226243684575,0.4806668310530648,0.5239690857162628,0.5480315867463915
241,0.43152128662658884,0.4782997723111587,0.48803100896330365,0.49365472337293087,0.5605045547221679,0.4949977613840646,0.6435812765419656,0.4814896659243321,0.5225742038747457,0.5503251516573967
242,0.43678443367961645,0.4811871065331828,0.48616912568388937,0.49587882562215574,0.5595324553582126,0.4952578177806585,0.6430441985250972,0.48239853187723764,0.5211881141782343,0.5525414403383713
243,0.4419965899654352,0.4840141808988588,0.4843385137926306,0.49812925843006445,0.5584960998141311,0.49561902804582175,0.6424124406308472,0.4833906974538805,0.5198143039298584,0.5546813357948577
244,0.44715568309920145,0.48678181641331514,0.4825429411904653,0.5004024602475909,0.5573976023802651,0.4960796740106392,0.6416871543263021,0.4844633225801264,0.5184562244315978,0.556745811896846
245,0.4522597176412981,0.4894909160081102,0.48078612068305343,0.502694863896346,0.5562391859550162,0.49663785735960286,0.6408695913881975,0.4856134653801032,0.5171172854522865,0.5587359307301227
246,0.45730677702109984,0.4921424616355817,0.47907170325075477,0.5050029031119296,0.5550231795716637,0.4972915056288809,0.6399611030818542,0.4868380891223403,0.5158008496793898,0.5606528397288018
247,0.4622950252041663,0.49473751114472664,0.4774032713255463,0.5073230189656157,0.5537520157467244,0.49803837859091715,0.6389631393499001,0.4881340692775451,0.5145102271663281,0.5624977685941368
248,0.46722270809612015,0.4972771949441111,0.47578433209326215,0.5096516661526154,0.5524282276419985,0.49887607499843045,0.6378772479965136,0.4894982006680459,0.5132486697875804,0.5642720260053875
249,0.47208815467746956,0.49976271245807224,0.47421831084001664,0.5119853191360945,0.5510544460330248,0.49980203965988823,0.6367050738524254,0.490927204689109,0.5120193657143108,0.5659769961292497
250,0.4768897778646529,0.5021953283832201,0.47270854436206444,0.5143204781370938,0.5496333960772851,0.5008135708176591,0.6354483579055193,0.4924177365825618,0.5108254339236897,0.5676141349350565
251,0.4816260750936509,0.5045763687529919,0.471258274458675,0.5166536749614785,0.5481678938762663,0.5019078277993473,0.634108936381655,0.4939663927434572,0.5096699187554811,0.5691849663236751
252,0.4862956286236141,0.5069072168187498,0.46987064152784624,0.5189814786560559,0.5466608428262901,0.503081838912278,0.6326887397601898,0.4955697180409068,0.5085557845298392,0.5706910780786989
253,0.4908971055590989,0.5091893087566616,0.46854867828487684,0.5213005009869891,0.5451152297539347,0.5043325095507416,0.6311897917087305,0.497224213134647,0.507485910240552,0.5721341176492338
254,0.49542925759065565,0.5114241292102993,0.4672953036238904,0.5236074017346279,0.5435341208328452,0.5056566304853686,0.6296142079217839,0.4989263417694233,0.5064630843382445,0.573515787774234
255,0.49989092045471,0.5136132066796263,0.4661133166424424,0.5258988937998769,0.541920657279785,0.5070508863039794,0.6279641948482731,0.5006725380298417,0.5054899996182659,0.5748378419589981
256,0.50428101311489,0.5157581087677094,0.4650053908492729,0.5281717481181576,0.5402780508288759,0.5085118639733452,0.6262420482933065,0.5024592135389699,0.504569248228127,0.5761020798150677
257,0.508598536668147,0.5178604372971924,0.4639740685751069,0.530422798378005,0.5386095789841543,0.5100360614915673,0.6244501518801151,0.5042827645846333,0.5037033168094764,0.5773103422753758
258,0.5128425729802858,0.5199218233091799,0.46302175560619596,0.5326489455422119,0.5369185800517604,0.511619896601185,0.6225909753587434,0.5061395791580864,0.5028945817896153,0.5784645066970685
259,0.5170122830567115,0.5219439219578309,0.4621507160599533,0.5348471621703396,0.5352084479543412,0.5132597155336821,0.6206670727488518,0.5080260438904807,0.5021453048375497,0.5795664818649893
260,0.5211069051554581,0.5239284073145453,0.4613630675216472,0.5370144965422515,0.5334826268315191,0.5149518017567593,0.6186810803048736,0.5099385508733564,0.5014576284994889,0.580618202909328
261,0.5268058655442498,0.5268960078361958,0.4596398965793056,0.5397148437832873,0.5310124517420576,0.5172854104734109,0.615552624217631,0.5133624101457921,0.500830897247934,0.5826964428929827
262,0.530704921182579,0.5288063280352687,0.45906612751088144,0.541796503795411,0.529262344240957,0.5190855062686104,0.6134216423702176,0.5153310756545475,0.5003137911037261,0.5836124542251818
263,0.5345269639156088,0.5306858199322131,0.4585816286050774,0.5438380406179653,0.5275084445727779,0.5209248193896469,0.6112385356670166,0.5173126090738436,0.49986543909411646,0.5844842771296208
264,0.5382715503945885,0.5325361426561794,0.45818781183975893,0.5458368873485977,0.5257543469866074,0.5227994585262644,0.6090062842856137,0.5193035023130825,0.49948738671835896,0.5853139336437994
265,0.5419382998969865,0.5343589427491896,0.4578859224036419,0.5477905712725935,0.5240036634733948,0.5247055161341119,0.6067279356519376,0.5213002886699759,0.49918103878250364,0.5861034450316381
266,0.5455268910169501,0.5361558488334122,0.45767703595170595,0.5496967167429223,0.5222600171863189,0.5266390765824369,0.6044066010237096,0.523299548612468,0.4989476565560555,0.5868548264297359
267,0.5490370581882252,0.5379284663133681,0.4575620562392812,0.5515530478804253,0.5205270357162614,0.5285962241245293,0.602045451845021,0.5252979153669486,0.49878835521451675,0.5875700815168258
268,0.552468588056081,0.5396783721301622,0.4575417131469025,0.5533573910986151,0.5188083442369125,0.5305730506725168,0.5996477158711222,0.5272920803063381,0.49870410157940165,0.588251197222887
269,0.5558213157157188,0.5414071095850002,0.45761656110686544,0.5551076774578693,0.5171075585351914,0.5325656633596976,0.5972166730640306,0.5292787981325057,0.4986957121665966,0.5889001384945213
270,0.5590951208354845,0.543116183249306,0.45778697794121365,0.5568019448539795,0.515428277943725,0.5345701918752191,0.5947556512610841,0.5312548918482751,0.4987638515531637,0.5895188431332443
271,0.5622899236839685,0.544807053978798,0.4580531641196098,0.5584383400461793,0.5137740781931462,0.5365827955575485,0.5922680216201032,0.533217257515056,0.49890903107182755,0.5901092167233528
272,0.5654056810807984,0.5464811340488184,0.45841514244421433,0.5600151205298188,0.5121485042028995,0.5385996702348491,0.5897571938463259,0.5351628687929099,0.49913160784149996,0.5906731276659722
273,0.5696823061675744,0.5495915303581836,0.4583635088797899,0.5618252217371744,0.509789129372545,0.541208926442278,0.5859719704559214,0.5386881094027637,0.5001573629777503,0.5916033121110805
274,0.5725953137752782,0.5512473463649082,0.45896348758487443,0.56324850321073,0.5082480947491914,0.5432162220124946,0.5834165517101683,0.5405838889570005,0.5005811280541944,0.5920863831451408
275,0.5754294730661428,0.5528913429818263,0.459657868470335,0.564607378504525,0.5067472931811169,0.5452151782325984,0.5808502155447498,0.542452348242204,0.5010826431948536,0.59254853850406
276,0.5781848554258555,0.5545246083487664,0.4604458879403247,0.5659006223745113,0.505290040274029,0.5472022305538453,0.5782764843897479,0.5442908565745957,0.5016615540765452,0.592991467276334
277,0.580861546100065,0.5561481568751327,0.46132661143445863,0.5671271273600968,0.5038795817972211,0.5491738833418137,0.5756988892145692,0.5460968827331663,0.5023173521871405,0.5934167980445711
278,0.5834596401643993,0.5577629257029393,0.46229893595367233,0.5682859047657959,0.5025190865976912,0.5511267149121284,0.5731209635486039,0.5478679980509007,0.5030493762011081,0.5938260948846957
279,0.5859792385800673,0.5593697714177175,0.46336159301739654,0.5693760855220662,0.5012116396116585,0.5530573822759535,0.5705462373683581,0.5496018792839047,0.5038568137234314,0.5942208535834039
280,0.5884204443571895,0.5609694670211447,0.4645131520463514,0.570396920928514,0.4999602349962185,0.5549626255966489,0.5679782308677357,0.5512963112600623,0.5047387034007356,0.5946024980878081
281,0.590783358847817,0.5625626991785753,0.46575202416371064,0.5713477832822093,0.49876776940388684,0.5568392723603411,0.5654204481291989,0.5529491893092237,0.505693937397207,0.5949723772005998
282,0.5930680781902699,0.5641500657538719,0.4670764664058133,0.5722281663933352,0.49763703542263676,0.5586842412644011,0.562876370714453,0.5545585214771985,0.5067212642315854,0.5953317615333458
283,0.5952746899260113,0.5657320736430905,0.4684845863320612,0.5730376859898435,0.4965707152038061,0.560494545828959,0.5603494511941345,0.5561224305260598,0.5078192919702053,0.595681840729789
284,0.5974032698097571,0.5673091369177083,0.469974347022108,0.5737760800122543,0.4955713742998995,0.5622672977377009,0.5578431066367346,0.5576391557234953,0.5089864917697899,0.5960237209702214
285,0.5994538788328638,0.5688815752871065,0.47154357244694695,0.5744432087991395,0.4946414557338374,0.5639997099151189,0.5553607120775901,0.5591070544240527,0.5102212017623722,0.596358422767124
286,0.601426560479313,0.5704496128890204,0.47318995319905205,0.5750390551632287,0.493783274320641,0.5656890993482853,0.5529055939893034,0.5605246034452592,0.5115216312734524,0.596686879061349
287,0.6058024405553011,0.5755737899479195,0.4768787368138524,0.5759347455535099,0.491899418435113,0.5692154786407719,0.5469722880276936,0.564509982852314,0.5157296215737601,0.5970516836651847
288,0.6074968640185401,0.5771475446919678,0.478779080081573,0.5762847748600923,0.4913042276982937,0.5707336184614185,0.544636779236662,0.5657424129567461,0.5172469063883824,0.5973379044177697
289,0.6091133722034636,0.5787165126052849,0.48074479028105505,0.5765653737597491,0.4907890731480545,0.572198297438855,0.5423428412594039,0.5669185320896337,0.5188204161387093,0.5976208294883922
290,0.610651878716926,0.5802803272398314,0.4827729402296715,0.5767771931265636,0.4903554794683371,0.5736074414583388,0.5400934214841971,0.5680374882855799,0.5204477306498213,0.597900947617019
291,0.6121122687357022,0.581838527447145,0.4848605143383269,0.5769210032084601,0.49000481448409516,0.5749590931345138,0.5378913776044539,0.5690985540158403,0.52212633537438,0.5981786555629667
292,0.6134943985131591,0.5833905589680872,0.4870044164185099,0.5769976928166052,0.48973828595980784,0.5762514130436873,0.5357394717911115,0.5701011261264063,0.5238536277375916,0.5984542584849055
293,0.6147980952380073,0.5849357763773186,0.48920147766885874,0.5770082683825133,0.4895569387888962,0.57748268078827,0.533640365053085,0.5710447255947689,0.5256269236932306,0.5987279706557205
294,0.6160231572525221,0.5864734453788453,0.49144846481544985,0.5769538528777405,0.489461652584762,0.5786512959042793,0.5315966118063215,0.5719289971076684,0.5274434644710433,0.5989999165111929
295,0.617940017560427,0.5926216647627494,0.4946822527232626,0.5764442424754588,0.4893936086168599,0.5797838394101695,0.5278680835742451,0.5747320251753592,0.5325453402515617,0.5979854022835854
296,0.618915154909671,0.5941710088653491,0.49707229588495344,0.5762049674681496,0.4895522522864346,0.5807555417479654,0.5260023184584609,0.5754382465278813,0.5344693360447709,0.5981986319975824
297,0.619810766241618,0.5957078596787715,0.4994990665829182,0.5759071957541112,0.4897981064130432,0.5816599160908564,0.5242010926933437,0.5760837577863476,0.5364248194431712,0.5984100311574434
298,0.6206265325577315,0.5972309723230246,0.5019591168168276,0.5755526054644736,0.49013120871460136,0.5824959653820925,0.5224663601796828,0.5766688056454579,0.5384087627911316,0.5986194184637141
299,0.6213621152564488,0.5987390365482227,0.5044489848875091,0.5751429796986757,0.4905514273872806,0.5832628151113245,0.5207999406900444,0.5771937560844084,0.5404181069591026,0.5988265348372057
300,0.6220171589020337,0.6002306816319488,0.5069652038593503,0.5746802043123317,0.49105846167257106,0.5839597134036982,0.5192035163845118,0.5776590927623741,0.5424497688569232,0.5990310463242965
301,0.6225912943467019,0.601704481542462,0.5095043099504148,0.5741662655220777,0.4916518428517399,0.58458603102141,0.5176786286680284,0.5780654152449177,0.5445006489586433,0.5992325472838399
302,0.6230841421968916,0.6031589603505567,0.5120628508217948,0.573603247321493,0.49233093566421193,0.5851412612835329,0.5162266754006161,0.578413437062059,0.5465676388141861,0.5994305638443777
303,0.6234953166126578,0.6045925978716971,0.5146373937380272,0.5729933287024896,0.4930949401448278,0.5856250199090611,0.5148489084703823,0.5787039835986898,0.5486476285231053,0.5996245576192076
304,0.6238244294272511,0.6060038355188785,0.5172245335708062,0.572338780676879,0.49394289387338275,0.5860370447872281,0.5135464317377696,0.578937989817933,0.5507375141456717,0.59981392966568
305,0.624071094572094,0.6073910823455624,0.5198209006187475,0.571641963093255,0.4948736746283325,0.5863771956782529,0.5123201993580657,0.5791164978180497,0.5528342050266576,0.5999980246740177
306,0.6242349327905024,0.608752721257009,0.5224231682165992,0.570905321244836,0.49588600343507055,0.5866454538467283,0.5111710144876673,0.579240654223482,0.5549346310073624,0.600176135369865
307,0.6243155766217358,0.6100871153673566,0.5250280601080445,0.5701313822644656,0.4969784479977584,0.5868419216289443,0.5100995283781061,0.579311707410696,0.557035749501767,0.6003475071137753
308,0.6243126756352205,0.6113926144789311,0.5276323575571116,0.569322751303645,0.4981494265023229,0.5869668219345028,0.509106239860309,0.5793310045695601,0.5591345524130927,0.6005113426798935
309,0.6240138876114099,0.6151583394577118,0.5309111533197489,0.5682410633916202,0.5000322842095228,0.5865338495931468,0.5078832171015124,0.5796986479367646,0.5628380549142505,0.5995024335973105
310,0.6237944384016424,0.6163982566660877,0.5335094732574924,0.5673598929059647,0.5013884405720435,0.5864826449337309,0.5070853956758636,0.5795922092946783,0.564909644776952,0.5996203923956198
311,0.6234905796207356,0.6176023617268463,0.5360964553628812,0.5664541067071863,0.5028162009128081,0.5863618272095027,0.5063663452741499,0.579438885515142,0.5669687553980464,0.5997284256640446
312,0.6231021158587189,0.6187689895705982,0.5386692008163749,0.5655265977151696,0.5043133692711291,0.5861721528751932,0.5057258861674145,0.5792404300704844,0.5690126262556309,0.5998256559047304
313,0.622628900924832,0.6198965015638491,0.5412249021034122,0.5645803109230345,0.5058776275756642,0.5859144948983857,0.5051636901896979,0.5789986772624582,0.5710385655173253,0.5999111897080933
314,0.6220708440872791,0.6209832923018193,0.5437608479252305,0.5636182381682,0.5075065414663049,0.5855898417736278,0.5046792827060714,0.5787155382497654,0.5730439553804452,0.5999841230544692
315,0.6214279163647783,0.6220277963190123,0.5462744276970636,0.5626434126938481,0.5091975663563116,0.5851992964455931,0.5042720449424205,0.5783929969214893,0.5750262570982677,0.6000435466443348
316,0.6207001568386344,0.6230284946897681,0.5487631356199711,0.5616589035057994,0.5109480537137712,0.5847440751349936,0.503941216667205,0.5780331056195441,0.5769830156760293,0.6000885512347113
317,0.619887678953324,0.6239839214911673,0.5512245743142977,0.5606678095310124,0.5127552575408895,0.584225506060423,0.503685899214195,0.5776379807137442,0.5789118642215808,0.6001182329591681
318,0.6189906767729302,0.6248926701008642,0.5536564580045173,0.5596732535850898,0.5146163410291603,0.5836450280488535,0.5035050588339869,0.5772097980336074,0.5808105279369483,0.6001316986086905
319,0.6180094311603055,0.6257533993027892,0.556056615247077,0.5586783761574228,0.5165283833680856,0.5830041890271408,0.5033975303609926,0.5767507881615557,0.5826768277384885,0.600128070850665
320,0.6169443158454981,0.6265648391741282,0.558422991194705,0.5576863290238225,0.5184883866848632,0.582304644386608,0.5033620211815564,0.5762632315927599,0.5845086834947733,0.6001064933632919
321,0.6157958033498258,0.6273257967276014,0.560753649392604,0.5567002686977485,0.520493283092292,0.5815481552125803,0.503397115487885,0.5757494537674901,0.5863041168728887,0.6000661358629233
322,0.6145644707319387,0.6280351612837501,0.5630467731038421,0.5557233497324504,0.5225399418220845,0.5807365863706349,0.5035012788015969,0.5752118199824467,0.5880612537853951,0.6000061990020734
323,0.6132510051223805,0.6286919095488085,0.5653006661632608,0.5547587178875917,0.5246251764208294,0.5798719044413063,0.5036728627499047,0.5746527301882185,0.5897783264318197,0.5999259191162305
324,0.6118562090134564,0.6292951103746748,0.5675137533611733,0.553809503175111,0.526745751985971,0.5789561754950809,0.5039101100767179,0.5740746136806654,0.5914536749302082,0.5998245727980763
325,0.6103810052716849,0.6298439291785781,0.569684580360106,0.5528788128002701,0.5288983924194258,0.5779915626996646,0.5042111598703505,0.5734799236947035,0.5930857485359361,0.5997014812782814
326,0.6088264418407594,0.6303376320012217,0.5718118131498189,0.551969724014963,0.5310797876767814,0.5769803237517965,0.5045740529889706,0.5728711319096633,0.5946731064466985,0.5995560145927239
327,0.6071936961037268,0.6307755891834743,0.5738942370477712,0.5510852769014705,0.533286600990439,0.5759248081262159,0.504996737664499,0.5722507228760504,0.5962144181942868,0.5993875955167399
328,0.6054840788740758,0.6311572786430985,0.5759307552541811,0.5502284671058998,0.5355154760455865,0.5748274541348671,0.50547707526531,0.5716211883742526,0.5977084636255213,0.5991957032478968
329,0.6036990379865269,0.6314822887344851,0.5779203869726717,0.5494022385415142,0.5377630440884642,0.5736907857899444,0.5060128461978365,0.5709850217163714,0.5991541324763796,0.5989798768197078
330,0.6018401614596208,0.6317503206759957,0.5798622651094126,0.5486094760831094,0.5400259309470729,0.5725174094650348,0.5066017559270132,0.5703447120030523,0.6005504235451244,0.5987397182297894
331,0.5999091802036113,0.6319611905311662,0.581755633565434,0.5478529982744077,0.5423007639451964,0.5713100103493001,0.5072414410954188,0.5697027383477782,0.6018964434718769,0.5984748952670643
332,0.5979079702487871,0.6321148307318496,0.5835998441385907,0.5471355500712493,0.544584178691454,0.5700713486904779,0.5079294757209987,0.5690615640817587,0.6031914051337985,0.5981851440238565
333,0.5958385544710336,0.6322112911331742,0.5853943530532992,0.5464597956439937,0.5468728257259396,0.5688042558233097,0.5086633774533351,0.5684236309530798,0.6044346256666371,0.597870271079998
334,0.5937031037933562,0.6322507395921669,0.5871387171378252,0.5458283112631692,0.5491633770079615,0.5675116299809824,0.5094406138686409,0.5677913533343582,0.6056255241250172,0.5975301553474455
335,0.5915039378440414,0.6322334620638388,0.5888325896704054,0.5452435782928629,0.551452532229365,0.5661964318881626,0.5102586087839001,0.5671671124536387,0.6067636187953913,0.597164749565331
336,0.5878683980601391,0.6339583379299732,0.5906819092868292,0.5452618192341028,0.5550301348508001,0.5638158676172079,0.5117231101603685,0.5661216477606527,0.608639414322663,0.594965766260415
337,0.5855183038379295,0.6337989892776622,0.5922535410567541,0.5448096598523297,0.5573001814807941,0.5624616523543008,0.5126289039087405,0.5655165358874791,0.6096347136761974,0.5945305740765192
338,0.5831140887562503,0.6335835599803352,0.5937736241201264,0.5444120874991215,0.5595573189994707,0.5610958882943865,0.5135661934404113,0.5649271522540723,0.6105767148469768,0.5940716149005563
339,0.5806587406877219,0.6333128804279392,0.5952421740102762,0.5440710489073952,0.5617984430772918,0.5597217544620395,0.5145322905487653,0.5643556801645112,0.6114653593886741,0.5935891805584478
340,0.5781553889620407,0.6329878948283736,0.5966592767511256,0.5437883601803425,0.5640205085627259,0.5583424639061902,0.5155244973623875,0.5638042399804408,0.612300666926734,0.5930836349475558
341,0.5756073011593884,0.6326096580985767,0.5980250831751905,0.5435657011613173,0.5662205343578096,0.55696125790912,0.5165401123204578,0.5632748838397444,0.613082730622699,0.5925554131250568
342,0.5730178792920018,0.6321793322798998,0.5993398031038731,0.5434046101006298,0.5683956080370305,0.5555814000047041,0.5175764360368807,0.5627695905174721,0.6138117124405769,0.5920050200346766
343,0.5703906553756776,0.6316981824898695,0.6006036994201931,0.5433064786430841,0.5705428902035664,0.5542061698149244,0.5186307770386539,0.5622902604459223,0.6144878382394224,0.5914330288757691
344,0.5677292863957675,0.6311675724246499,0.6018170820645907,0.5432725471594474,0.5726596185780526,0.552838856714966,0.5197004573648016,0.5618387109106955,0.6151113927170874,0.5908400791204309
345,0.5650375486749989,0.6305889594286499,0.6029803019847648,0.5433039004442503,0.5747431118161821,0.5514827533385135,0.5207828180130791,0.5614166714393763,0.6156827142307392,0.5902268741860286
346,0.5623193316532472,0.6299638891498234,0.6040937450707109,0.5434014638014042,0.5767907730525578,0.5501411489361299,0.5218752242225546,0.56102577939926,0.616202189520278,0.5895941787721816
347,0.5595786310921775,0.6292939898012587,0.6051578261061736,0.5435659995380988,0.578800093169308,0.5488173226008511,0.5229750705810862,0.5606675758202165,0.616670248361205,0.5889428158728917
348,0.5568195417204314,0.6285809660516078,0.6061729827676272,0.543798103886272,0.5807686537890109,0.547514536376338,0.5240797859476588,0.5603435014583714,0.6170873581737932,0.5882736634761159
349,0.5528764416386976,0.6258324070685554,0.6082869430911044,0.5432061907284194,0.5834287690906177,0.5458820569537446,0.5255368728105045,0.5604076692784361,0.6174488100236578,0.5886976909697048
350,0.5500897432327867,0.6250262965645623,0.6091839599937154,0.5436048100295761,0.58528628233393,0.5446401001770691,0.5266461194059515,0.5601877820322569,0.6177453104767996,0.5879876376888636
351,0.5472993109117167,0.6241844768538739,0.6100343347707119,0.5440720741181445,0.5870956409445354,0.5434301576574818,0.5277515290581738,0.5600062078439767,0.6179920834451885,0.5872623256032298
352,0.5445095777542811,0.6233088644817708,0.6108385307340951,0.544607829909828,0.588854867140152,0.542255333293965,0.5288507318195629,0.5598638677397524,0.6181896905357847,0.5865228581324959
353,0.5405479071040602,0.6204346504006006,0.612697789351633,0.5443987777649048,0.591173656445769,0.5407995022545659,0.530270235755696,0.5603246215453463,0.6182544169365936,0.5867622604398446
354,0.5377791465277062,0.6194909956503519,0.6133933321669459,0.5451009959827086,0.5928002536600743,0.5397191785454979,0.5313472901422249,0.5602966798680526,0.6183339887866562,0.5859902570722628
355,0.5350266043738312,0.6185212672760225,0.6140448481922666,0.5458702209551245,0.5943709512142452,0.5386841619293946,0.5324102619584105,0.5603101177556544,0.6183657448475368,0.5852073667674794
356,0.5322948538671254,0.6175274222641014,0.6146527048775581,0.546705536673198,0.5958842394418904,0.5376972560782128,0.5334570601524015,0.560365289055601,0.6183502487292089,0.5844148420656929
357,0.5295884695537144,0.6165114142522318,0.6152172377084845,0.5476058553826295,0.5973387134999009,0.5367611772328592,0.5344856661790902,0.5604624245611427,0.6182880542284023,0.5836139493063279
358,0.5269120155560039,0.6154751856841808,0.615738746739233,0.5485699199174855,0.5987330735536037,0.5358785473075395,0.5354941365278701,0.5606016317050703,0.6181797011777209,0.5828059628405825
359,0.5242700336421567,0.6144206599985453,0.6162174934993521,0.5495963065691757,0.6000661247483582,0.5350518871300077,0.5364806050152756,0.5607828946211498,0.6180257115449266,0.5819921591613707
360,0.5216670311541122,0.6133497338875009,0.6166536982915396,0.5506834284869031,0.6013367769762881,0.5342836098424804,0.5374432848440195,0.5610060745762306,0.6178265858022669,0.5811738109784248
361,0.5191074688392515,0.6122642696619416,0.6170475378954233,0.5518295396036172,0.6025440444471486,0.5335760144880498,0.538380470430684,0.5612709107746617,0.6175827995844193,0.5803521812668134
362,0.5165957486317836,0.6111660877592071,0.6173991436904276,0.5530327390793081,0.6036870450725632,0.5329312798073725,0.5392905390049819,0.561577021535239,0.6172948006522169,0.5795285173174839
363,0.5141362014307145,0.6100569594292593,0.6177086002087153,0.5542909762512735,0.6047649996730138,0.5323514582702347,0.5401719519841435,0.561923905839468,0.6169630061778062,0.5787040448186376
364,0.5117330749218474,0.6089385996346959,0.6179759441271118,0.5556020560788407,0.6057772310170982,0.531838470366307,0.5410232561265816,0.5623109452484955,0.6165878003653422,0.5778799619968482
365,0.5093905214916273,0.6078126601992981,0.6182011637047096,0.5569636450678466,0.6067231627026066,0.5313940991790056,0.5418430844695229,0.5627374061845856,0.6161695324196468,0.577057433846757
366,0.5071125862807924,0.6066807232389947,0.6183841986706697,0.5583732776580891,0.6076023178889894,0.5310199852658367,0.5426301570557988,0.5632024425715473,0.6157085148735586,0.5762375864779876
367,0.5049031954257399,0.6055442949080877,0.6185249405644261,0.5598283630548747,0.6084143178907239,0.5307176218679851,0.543383281455443,0.563705098827057,0.6152050222829196,0.5754215016075863
368,0.5027661445352288,0.6044047994924256,0.6186232335282525,0.5613261924837885,0.6091588806409927,0.5304883504711388,0.5441013530881421,0.5642443131983466,0.6146592902963106,0.5746102112258035
369,0.5007050874495379,0.6032635738798704,0.618678875549844,0.5628639468458674,0.6098358190349629,0.5303333567386902,0.5447833553529554,0.5648189214312902,0.6140715151047929,0.5738046924624315
370,0.4987235253284768,0.602121862436886,0.6186916201502412,0.5644387047484919,0.6104450391617495,0.5302536668374807,0.5454283595720305,0.5654276607615019,0.6134418532749981,0.5730058626801454
371,0.4968247961137062,0.6009808123184384,0.6186611785101488,0.5660474508855319,0.6109865384339346,0.5302501441751721,0.5460355247553023,0.5660691742146475,0.6127704219669773,0.5722145748204069
372,0.4950120644096716,0.5998414692365903,0.6185872220254072,0.5676870847386131,0.6114604036232733,0.5303234865671643,0.5466040971934113,0.5667420152018434,0.612057299536289,0.5714316130264707
373,0.4932883118260812,0.5987047737112307,0.6184693852801141,0.5693544295697922,0.6118668088109067,0.5304742238496852,0.5471334098862299,0.5674446523946882,0.6113025265178339,0.5706576885668856
374,0.4916563278232794,0.5975715578242874,0.6183072694236834,0.5710462416744706,0.61220601326011,0.5307027159543211,0.5476228818145474,0.5681754748632188,0.6105061069870041,0.5698934360815934
375,0.49011870110010364,0.5964425424966069,0.618100445935963,0.5727592198620604,0.6124783592192623,0.531009151457805,0.5480720170625655,0.5689327974589033,0.6096680102917779,0.5691394101713629
376,0.488083797745749,0.5938833581820243,0.618784409624286,0.574079639096733,0.6125758742772109,0.5316351624838229,0.548347307380729,0.5711944174839985,0.608122958989507,0.568753375615882
377,0.4867887692294889,0.5927739580934259,0.618481243174911,0.5758380091423504,0.6126867567715832,0.5321290273281071,0.5486965577505397,0.5720172480486639,0.6071714117277734,0.568020572533541
378,0.48559524428478773,0.5916704857366278,0.6181317821945894,0.5776063744607771,0.612733008845969,0.532700152091326,0.5490042555330917,0.5728595479511982,0.6061774013889799,0.5672990424230784
379,0.48450482439368303,0.590573090509916,0.6177354740085571,0.5793812920452037,0.6127153087164009,0.533347962359165,0.5492702714757125,0.5737193606149215,0.6051407957832429,0.5665889956243008
380,0.48351887470550203,0.5894818061412471,0.6172917625446006,0.5811593143592076,0.6126344036187423,0.5340717135019665,0.5494945549651884,0.5745946898051257,0.6040614448336452,0.5658905511467062
381,0.4819708281184276,0.5858920000221267,0.6186460995490092,0.582201275571076,0.6119922731742761,0.5356632048762683,0.549117010688625,0.5786557266305513,0.601253857103967,0.5656181696609986
382,0.4812977838791284,0.5848304494821837,0.6180950432274427,0.5839871948545969,0.6117370720678507,0.5365952269856261,0.5492200416458219,0.5795740708733347,0.6000241748469151,0.5649429074036934
383,0.48073185997538204,0.583773955690722,0.6174941397944539,0.5857639023173532,0.6114230653834933,0.5375987096136465,0.5492816480087848,0.5804983438627203,0.5987504675083261,0.5642785986858984
384,0.48027320633562104,0.5827219107560386,0.6168428098207087,0.5875280515943887,0.6110512801066188,0.5386721213241499,0.5493021484053969,0.5814264469691449,0.5974326147565002,0.5636249931681224
385,0.4799217234182942,0.5816736093563988,0.6161405089658395,0.5892763476090387,0.61062279544861,0.539813779395345,0.5492819302324143,0.5823562847851081,0.59607050617664,0.5629817500275411
386,0.4796770626126262,0.5806282537196805,0.6153867349668012,0.5910055559107616,0.6101387403821319,0.5410218546931791,0.5492214475027954,0.5832857717121118,0.5946640461102068,0.5623484392684768
387,0.4795386274549976,0.5795849591110797,0.614581034624915,0.5927125117617672,0.609600291179286,0.5422943770318474,0.5491212186350608,0.5842128384620416,0.5932131586103272,0.5617245434774221
388,0.47950557565866075,0.5785427598065019,0.6137230107538372,0.5943941289378574,0.6090086689548175,0.5436292410087917,0.5489818241909232,0.5851354384478489,0.5917177924864352,0.5611094600170552
389,0.47957682195103196,0.5775006155267002,0.6128123290504515,0.5960474082099718,0.6083651372163092,0.5450242122995929,0.548803904567183,0.5860515540387747,0.5901779264106234,0.5605025036514677
390,0.4797510417093219,0.5764574183047552,0.6118487248506268,0.5976694454741968,0.6076709994230718,0.5464769343963289,0.5485881576476972,0.586959202655896,0.5885935740576247,0.5599029095926943
391,0.4800266753818405,0.5754119997571466,0.6108320097319234,0.5992574394993935,0.6069275965552308,0.5479849357711449,0.5483353364209883,0.5878564426843883,0.5869647892498951,0.5593098369564876
392,0.4804019336789028,0.5743631387264193,0.6097620779256218,0.6008086992631607,0.6061363046943251,0.5495456374450391,0.5480462465688475,0.5887413791796563,0.5852916710789784,0.558722372613206
393,0.48087480351393835,0.5733095692613438,0.6086389125009518,0.6023206508485203,0.6052985326165765,0.5511563609401506,0.5477217440310606,0.5896121693453213,0.5835743689741604,0.55813953541764
394,0.4814430546721406,0.5722499888985366,0.6074625912850775,0.6037908438755513,0.6044157193998704,0.5528143365922127,0.5473627325511699,0.5904670277620384,0.5818130876894042,0.5575602807996684
395,0.48210424718083256,0.5711830672076746,0.6062332924832325,0.6052169574441262,0.603489332045377,0.5545167121982726,0.5469701612079656,0.5913042313471515,0.5800080921796732,0.556983505695718
396,0.48285573935266907,0.5701074545608377,0.6049512999644491,0.6065968055659627,0.602520863114677,0.556260561973299,0.5465450219371921,0.592122124026382,0.5781597123380064,0.5564080537992393
397,0.48369469646986124,0.5690217910850294,0.6036170081795179,0.6079283420663699,0.6015118283832013,0.558042895787898,0.5460883470477426,0.5929191210999698,0.5762683475651057,0.555832721106679
398,0.48461810007482764,0.5679247157556905,0.6022309266792172,0.6092096649383268,0.6004637645107869,0.5598606686580684,0.5456012067364219,0.593693713287059,0.5743344711437478,0.5552562617338688
399,0.4856227578300261,0.5668148755879078,0.6007936842023609,0.6104390201338564,0.5993782267301182,0.5617107904567058,0.5450847066051551,0.5944444704335036,0.5723586343909939,0.5546773939762428
400,0.48670531390725863,0.5656909348811863,0.5993060323049553,0.6116148047800943,0.5982567865538895,0.5635901358154816,0.5445399851843398,0.5951700448698014,0.5703414705620024,0.5540948065849749
401,0.48849822075165933,0.5641575033072085,0.5954714367779212,0.6142815982097386,0.5963883370055943,0.5665994453567431,0.5442335313787011,0.5950536600481476,0.5678015918293278,0.5532867171593929
402,0.49045319373597573,0.5625457889103819,0.5914921941549331,0.6167795468672755,0.5944065963973272,0.5696491539370501,0.5439021341850501,0.5948751189673115,0.5652193779354984,0.5525136178539324
403,0.49181546524911074,0.5613462405492086,0.589786274321031,0.617701597294554,0.5931358390870384,0.571616958795013,0.5432556580209028,0.5954918637123615,0.5630666688783739,0.5519104814574418
404,0.49323694276027735,0.5601268771545783,0.5880375615283552,0.6185641102227324,0.5918372137940736,0.5735976612494205,0.5425868614911922,0.5960788765660417,0.560876473881652,0.5512962910788437
405,0.4947135139086609,0.5588866917672364,0.5862476459919013,0.619366500544878,0.5905124021343077,0.5755881233835287,0.5418970012219351,0.5966353034990235,0.558649924297361,0.5506696370849798
406,0.4962409867069661,0.5576247523365061,0.5844182460897693,0.6201083416603224,0.589163086678747,0.5775852446251311,0.5411873495676848,0.5971603836873313,0.556388253357596,0.5500291313233081
407,0.4978151025919242,0.5563402096311533,0.5825512073825746,0.6207893637356005,0.587790948697368,0.5795859719911668,0.5404591923998319,0.597653449950267,0.5540927974546237,0.5493734142644052
408,0.49943154956741453,0.555032304826348,0.580648501036288,0.6214094513865155,0.58639766593356,0.5815873102087987,0.5397138269271837,0.5981139288012652,0.5517649969859746,0.548701162054321
409,0.5010859753869263,0.5537003767264483,0.5787122216445002,0.6219686407949153,0.5849849104113939,0.5835863316769117,0.5389525595506285,0.5985413401151353,0.5494063967523748,0.5480110934423513
410,0.5027740007220916,0.55234386858476,0.5767445844489111,0.622467116276195,0.5835543462780524,0.5855801862322313,0.5381767037535867,0.5989352964169395,0.5470186458984311,0.5473019765502634
411,0.5044912322642688,0.5509623344830648,0.5747479219596945,0.6229052063159459,0.582107627683878,0.587566110684649,0.5373875780298406,0.5992955017994689,0.5446034973880626,0.5465726354496105
412,0.5062332757066634,0.5495554452355231,0.572724679980236,0.6232833790964333,0.5806463967025733,0.5895414380868408,0.5365865038502324,0.5996217504780056,0.5421628070088301,0.5458219565145658
413,0.5079957485552348,0.5481229937835921,0.5706774130436207,0.6236022375357827,0.5791722812941755,0.5915036067038862,0.5357748036696247,0.5999139249926789,0.5396985319014985,0.5450488945186653
414,0.5097742927176262,0.5466649000507776,0.5686087792711239,0.6238625138648588,0.5776868933135184,0.593450168649395,0.5349537989754083,0.6001719940703828,0.5372127286134091,0.5442524784449563
415,0.5132786543363296,0.5439809583635441,0.567586933561233,0.6226880289689282,0.5756609326623207,0.5970050339291934,0.5317062024487137,0.6025920153321586,0.5306292749469648,0.5416198964456826
416,0.5150765195145222,0.5424529982793378,0.5654791541725118,0.6227943624004488,0.5741747355928248,0.5988963564464054,0.5308696985919756,0.6027494570838162,0.5280812769779497,0.5407427836416648
417,0.516873434512214,0.5409001589309838,0.5633592953999148,0.6228456115832715,0.5726825739771343,0.6007641506308623,0.5300299331622524,0.6028732792679667,0.5255221256095068,0.5398400157708819
418,0.5186653552157462,0.5393230413205713,0.561230440963065,0.6228429791309659,0.5711858878193078,0.6026066564039907,0.5291882260070528,0.6029639006791869,0.5229543606816487,0.5389110998027754
419,0.5204483294790244,0.5377223941629538,0.5590957422050802,0.6227877571449819,0.5696860920489387,0.6044222695980722,0.5283458840465044,0.6030218075705653,0.5203805971341622,0.5379556397913929
420,0.5222185068034091,0.536099114282908,0.5569584093811435,0.6226813196449779,0.5681845750769742,0.6062095473852963,0.5275041995368683,0.6030475493744674,0.5178035198014856,0.5369733398427086
421,0.5239721474574535,0.534454246297168,0.5548217025247115,0.6225251147939029,0.5666826974122782,0.6079672131484885,0.5266644483874,0.6030417342267071,0.5152258778136046,0.5359640066312038
422,0.5274766970381259,0.5305413288072653,0.5474822280209328,0.6233758498300114,0.5622837946631275,0.61162785683184,0.526804282685836,0.6011265870660538,0.511751562819546,0.5351215330814734
423,0.5291623922557137,0.5288333127808972,0.5453718559363565,0.6230735825015479,0.5607697531045653,0.6132818195624826,0.5259676048351571,0.6010232515927433,0.509191686364943,0.5340347887845723
424,0.5308178980205551,0.5271095265183257,0.5432775622952484,0.6227289845597607,0.5592620009826105,0.6149022783701813,0.5251366015799581,0.6008910960583816,0.5066414256546772,0.532920517635391
425,0.5324401322927744,0.5253717146019957,0.5412026668969249,0.6223438249343717,0.5577617929908621,0.6164888440718542,0.5243124206670348,0.6007308909274354,0.5041037423724454,0.5317790469951441
426,0.5340261661317299,0.5236217486772993,0.539150472163924,0.6219198956716013,0.5562703459512088,0.6180413111422219,0.5234961866246273,0.6005434365742556,0.501581624854549,0.5306108163112324
427,0.5355732282356054,0.521861622299871,0.5371242522947081,0.6214590035433671,0.5547888377923285,0.6195596582002492,0.5226889995443859,0.6003295583355726,0.49907808036488843,0.5294163762353215
428,0.5370787087532368,0.520093445146081,0.535127242342565,0.6209629617577578,0.5533184066111426,0.6210440478211935,0.5218919339123812,0.6000901015647884,0.49659612716160473,0.5281963872248565
429,0.5385401623631713,0.51831943660877,0.533162627267195,0.6204335818078961,0.5518601498181543,0.6224948256696847,0.5211060374887696,0.5998259267131195,0.4941387863868632,0.5269516176335743
430,0.5399553106185212,0.5165419188033881,0.5312335310061568,0.6198726654953914,0.5504151233672834,0.6239125189515473,0.5203323302356158,0.599537904462315,0.49170907381240103,0.5256829412991121
431,0.5413220435597879,0.5147633090127299,0.5293430056138639,0.619281997163603,0.548984341070541,0.6252978341844792,0.5195718032922878,0.5992269109332874,0.4893099914743999,0.5243913346383346
432,0.5426384206013509,0.5129861116013514,0.5274940205160814,0.6186633361747019,0.5475687739975496,0.626651654290058,0.5188254179977552,0.5988938229944308,0.4869445192320738,0.5230778732634563
433,0.5439026707008566,0.5112129094335227,0.5256894519279496,0.6180184096631862,0.5461693499596169,0.6279750350119485,0.5180941049590309,0.5985395136927555,0.4846156062850191,0.521743728134451
434,0.5451131918241569,0.5094463548311791,0.5239320724834052,0.6173489055970043,0.5447869530777404,0.6292692006675917,0.5173787631649274,0.5981648478301883,0.4823261626848621,0.5203901612655614
435,0.5462685497218218,0.5076891601107776,0.5222245411234785,0.6166564661757875,0.5434224234335999,0.6305355392430408,0.5166802591442174,0.5977706777064987,0.4800790508770778,0.519018521005967
436,0.5473674760365145,0.505944087740244,0.5205693932903676,0.6159426815939155,0.5420765568022758,0.6317755968430061,0.5159994261672363,0.5973578390493265,0.4778770773090371,0.5176302369168246
437,0.5484088657636406,0.5042139401592529,0.5189690314733476,0.6152090841942435,0.5407501044651036,0.6329910715105314,0.5153370634898904,0.5969271471506812,0.47572298414031394,0.5162268142689208
438,0.5493917740907223,0.5025015493079774,0.5174257161515595,0.6144571430362825,0.5394437731007885,0.6341838064330648,0.5146939356390177,0.5964793932281001,0.473619441091151,0.5148098281870994
439,0.55031541264378,0.5008097659110797,0.515941557177431,0.613688258900518,0.5381582247525623,0.6353557825539989,0.5140707717379663,0.5960153410273786,0.47156903746461537,0.5133809174694048
440,0.5511791451717265,0.49914144856516723,0.5145185056430575,0.6129037597483075,0.5368940768689229,0.6365091106110028,0.5134682648712869,0.5955357236824066,0.4695742743775007,0.5119417781105455
441,0.5519824827022763,0.49749945267912515,0.5131583462701509,0.612104896654514,0.5356519024151818,0.6376460226246957,0.5128870714873687,0.5950412408462261,0.46763755723434025,0.5104941565607423
442,0.5527250782052233,0.49588661931770495,0.5118626903623127,0.6112928402276391,0.5344322300528169,0.6387688628633451,0.5123278108378808,0.5945325561059114,0.46576118847807346,0.5090398427523997
443,0.5534067208010489,0.4943057639994605,0.5106329693563023,0.6104686775297913,0.5332355443833825,0.639880078311378,0.5117910644528924,0.5940102946923114,0.463947360649908,0.5075806629281842
444,0.5540273295547441,0.49275966550058314,0.5094704290067046,0.6096334095063204,0.5320622862535083,0.6409822086714815,0.5112773756505518,0.5934750414940729,0.4621981497897603,0.5061184723050998
445,0.5545869468964204,0.4912510547163996,0.5083761242359698,0.6087879489324579,0.5309128531173508,0.6420778759320221,0.5107872490802724,0.592927339383718,0.4605155092073576,0.5046551476099763
446,0.5550857317117309,0.48978260363223886,0.507350914679167,0.6079331188817185,0.5297875994526839,0.6431697735333302,0.5103211502984156,0.5923676878618375,0.45890126365261696,0.5031925795224125
447,0.5555239521463549,0.48835691445507556,0.5063954609500434,0.6070696517182812,0.528686837226687,0.6442606551681528,0.5098795053755371,0.5917965420237603,0.4573571039123269,0.5017326650616786
448,0.5559019781697662,0.4869765089567763,0.505510221652045,0.6061981886130124,0.527610836407403,0.6453533232532178,0.509462700534358,0.591214311851315,0.45588458185841413,0.500277299954343
449,0.5562202739442237,0.48564381807896695,0.5046954511549048,0.6053192795802369,0.5265598255167513,0.6464506171103741,0.5090710818177223,0.590621361830565,0.45448510597122377,0.4988283710194523
450,0.5564793900454064,0.48436117184844274,0.5039511981542273,0.6044333840298581,0.5255339922209639,0.6475554008971871,0.5087049547859206,0.5900180108946464,0.45315993735924553,0.4973877486079811
451,0.5566799555813174,0.48313078965073325,0.5032773050282068,0.6035408718269418,0.524533483954306,0.6486705513281787,0.5083645842429096,0.5894045326891316,0.45191018629464114,0.4959572791329589
452,0.5568226702560487,0.4819547709078473,0.5026734080022367,0.602642024848454,0.5235584085719739,0.6497989452290259,0.5080501939910896,0.5887811561556056,0.4507368092817103,0.4945387777261672
453,0.5569082964247098,0.4808350862044253,0.5021389381287,0.6017370390244825,0.5226088350281555,0.6509434469671027,0.5077619666144897,0.5881480664274895,0.4496406066731672,0.4931340210566329
454,0.5569376511852614,0.4797735689044861,0.5016731230857042,0.6008260268489567,0.5216847940753144,0.6521068958025978,0.5075000432903702,0.5875054060304786,0.4486222208467098,0.49174474034524773
455,0.5569115985522181,0.47877190729869246,0.5012749897949427,0.599909020342711,0.5207862789809343,0.6532920932052252,0.5072645236294641,0.5868532763783877,0.44768213495193115,0.4903726146088089
456,0.5568310417561387,0.47783163731961237,0.5009433678552548,0.598985974449583,0.5199132462581164,0.6545017901820954,0.5070554655452681,0.5861917395536408,0.4468206722351245,0.4890192641655471
457,0.5566969157115451,0.47695413585976704,0.5006768937848155,0.5980567708442591,0.5190656164066406,0.655738674662808,0.5068728851530168,0.5855208203601658,0.44603799594697524,0.4876862444328046
458,0.5565101796944167,0.4761406147244437,0.5004740160612794,0.5971212221286737,0.5182432746613574,0.6570053589880672,0.5067167566992034,0.5848405086350561,0.44533410983555505,0.48637504004598914
459,0.5558413098917336,0.4742100886295524,0.4991306358796671,0.5960711053106826,0.5137336651782366,0.6595746709263766,0.5088385640315892,0.5824606899349847,0.4452066076162038,0.48512697583663855
460,0.5555036609879447,0.47359157045047146,0.4991376301239651,0.5951666406993081,0.5130314875980225,0.6609327529091333,0.5086969599756894,0.5817010034030932,0.4447148191987555,0.48388374574262377
461,0.5551172568219468,0.47303970717932486,0.4991998309602458,0.5942559846504089,0.5123562499950461,0.6623301123297195,0.5085797458778953,0.5809309235108632,0.44429982464231044,0.48266727776762297
462,0.5546830897624833,0.47255479168410985,0.4993147766151214,0.5933386511286833,0.5117075993139568,0.6637688206954488,0.508486758775055,0.5801503251165521,0.44396088424391783,0.481478667534177
463,0.55420214004647,0.47213693134378243,0.49947986654940507,0.5924141122863884,0.5110851485733846,0.6652508039642371,0.5084177959298253,0.5793590699546435,0.44369711359449715,0.48031891333373206
464,0.553675370832458,0.4717860472872372,0.49969237185079834,0.5914818046753094,0.5104884778438125,0.6667778320348583,0.5083726148087832,0.5785570102454072,0.4435074878494962,0.4791889129047084
465,0.553103723710859,0.4715018743971354,0.4999494462030807,0.5905411356252118,0.5099171352265565,0.6683515087007013,0.5083509331028457,0.5777439924004969,0.44339084651084204,0.4780894606912485
466,0.5524881146905066,0.4712839620780759,0.5002481373893725,0.5895914897544777,0.509370637833145,0.6699732621084871,0.5083524287937758,0.5769198608026919,0.4433458987006808,0.4770212455935068
467,0.5518294306780015,0.471131675784866,0.5005853992843378,0.5886322355781546,0.5088484727647891,0.6716443357619665,0.5083767402707426,0.5760844616374753,0.4433712289051365,0.47598484921777107
468,0.5511285264631125,0.4710441993029142,0.5009581042876656,0.5876627321784077,0.5083500980920765,0.6733657801091456,0.5084234665011022,0.575237646753948,0.44346530316413546,0.47498074463208356
469,0.5503862222202672,0.4710205377690839,0.5013630561488596,0.5866823359022513,0.5078749438354613,0.6751384447498607,0.5084921672597453,0.57437927753245,0.44362647568128477,0.47400929563040495
470,0.5496033015328897,0.4710595214177122,0.5017970031312268,0.5856904070515158,0.5074224129475235,0.6769629712986982,0.5085823634214776,0.5735092287362594,0.44385299582581944,0.47307075650570657
471,0.548780509944039,0.4711598100329416,0.5022566514610836,0.5846863165302655,0.5069918822984297,0.6788397869362612,0.5086935373210595,0.5726273923248902,0.44414301549681595,0.4721652723297477
472,0.547918554033501,0.47131989808504593,0.502738679006498,0.5836694524152812,0.5065827036664001,0.6807690986796211,0.5088251331855648,0.5717336812067113,0.44449459681814235,0.47129287973465983
473,0.5470181010182131,0.47153812052507993,0.5032397491284881,0.5826392264158259,0.5061942047354132,0.6827508884005375,0.5089765576438338,0.5708280329090145,0.44490572013108004,0.4704535081888869
474,0.5460797788696304,0.47181265920896853,0.5037565246463811,0.5815950801896264,0.5058256901027278,0.6847849086175829,0.5091471803177738,0.5699104131440879,0.44537429225011327,0.4696469817574762
475,0.5451041769384752,0.47214154991906443,0.504285681858131,0.5805364914829402,0.5054764422991789,0.6868706790857904,0.5093363345002676,0.5689808192504716,0.4458981549461405,0.4688730213342505
476,0.5440918470741679,0.47252268994831276,0.5048239245557113,0.5794629800635865,0.5051457228255044,0.6890074842047337,0.5095433179243939,0.5680392834892222,0.44647509362025994,0.4681312473309831
477,0.5430433052232188,0.4729538462094211,0.505367997975299,0.5783741134170624,0.5048327732082751,0.6911943712631988,0.5097673936285709,0.567085876175843,0.4471028461303602,0.4674211828063916
478,0.5415508532516269,0.4735074032869807,0.5060344281413353,0.5763996037489246,0.5057941331438323,0.6945893539675463,0.509196989158334,0.5659063948293156,0.4480290888092609,0.46623152879405966
479,0.5404155724041411,0.47405668794793737,0.5065703957271377,0.575237647532915,0.505483586476451,0.6968992915078123,0.5095027954663351,0.5649544749574834,0.44878320613018424,0.4656006649438123
480,0.5392456472116551,0.47464769692317604,0.5071018858723743,0.5740587675527814,0.5051872894032394,0.6992539908295448,0.5098231552048288,0.5639913869486969,0.44957998547203254,0.4649989221809063
481,0.5380414524245024,0.47527772291582904,0.5076260005242537,0.5728628416648223,0.5049044578982038,0.7016514270861268,0.5101571462161907,0.5630173821947518,0.4504170617176687,0.4644254214696096
482,0.5368033432085898,0.47594397882265205,0.5081399530141951,0.5716498228566833,0.5046342940120171,0.7040893441078753,0.5105038190358918,0.5620327625273007,0.4512920725848413,0.4638792114937843
483,0.5355316593359588,0.47664360814612533,0.508641080061874,0.5704197426670683,0.5043759870197931,0.706565258324003,0.5108621985849623,0.5610378819581003,0.45220266753680605,0.4633592741694623
484,0.5332548776723812,0.47746973990974223,0.5088497094042355,0.5673310196200779,0.5065645969425433,0.7115467328886705,0.5101415277789237,0.5593563197958291,0.4542193649583844,0.4624257612118026
485,0.5318900362893677,0.4782630328406807,0.5092859028763866,0.5659818584984776,0.5062526844057851,0.7141238874245299,0.5106159435146223,0.5583954879076658,0.4552388527147947,0.46198096593203
486,0.5304928471609275,0.4790787105641292,0.5097011790510062,0.5646158061420796,0.5059482002153154,0.7167266017045165,0.5110981344634601,0.5574264519550411,0.4562847722062709,0.46155722630679447
487,0.5290636198980797,0.47991371721225284,0.510093632496003,0.5632333984424412,0.5056503864935493,0.719351335411114,0.5115869540428462,0.5564497899981762,0.4573549702376751,0.46115326600914375
488,0.5276026787509642,0.4807649888587056,0.5104615351895494,0.5618352633134313,0.5053584788959175,0.7219943624137367,0.5120812452397077,0.5554661350875632,0.4584473563073998,0.46076778160314097
489,0.5261103680437993,0.48162946412683,0.5108033440277914,0.5604221207276748,0.5050717080016782,0.7246517805252345,0.5125798433030219,0.5544761751389536,0.4595599097668443,0.46039944917612297
490,0.5245870576113711,0.48250409463894656,0.5111177075529261,0.5589947822801233,0.5047893007998517,0.7273195220041474,0.513081578542618,0.5534806525065151,0.46069068657669665,0.4600469309650637
491,0.5230331481957894,0.4833858552579907,0.5114034718690916,0.55755415028107,0.5045104822734298,0.7299933647709261,0.5135852792311346,0.5524803632544741,0.4618378256301992,0.4597088819421968
492,0.5214490767625072,0.48427175407410794,0.5116596857169055,0.5561012163831611,0.5042344770843726,0.7326689443031744,0.5140897746053098,0.551476156129087,0.4629995546155957,0.45938395632558937
493,0.5198353216951244,0.48515884209040866,0.5118856046810425,0.5546370597491563,0.5039605113612268,0.7353417661720255,0.5145938979620706,0.5504689312343191,0.464174195392114,0.45907081398108196
494,0.5181924078292681,0.48604422256394897,0.5120806945089381,0.553162844769373,0.5036878145904682,0.738007219178831,0.5150964898441553,0.5494596384161015,0.4653601688561414,0.45876812668294686
495,0.516520911286831,0.4869250599600752,0.5122446335225114,0.5516798183398236,0.5034156216118976,0.7406605890485681,0.5155964013092685,0.5484492753615191,0.46655599927665187,0.4584745842017121
496,0.5148214640730852,0.48779858848057034,0.5123773141087012,0.5501893067141019,0.5031431747175936,0.743297072633744,0.5160924972759909,0.5474388854206838,0.467760318081454,0.4581889001888873
497,0.513094758400636,0.48866212012856103,0.5124788432786143,0.5486927119440379,0.5028697258530709,0.7459117925800771,0.516583659938923,0.5464295551604533,0.46897186707843197,0.4579098178297724
498,0.5113415507058637,0.48951305227584474,0.5125495422891377,0.5471915079259915,0.502594538918407,0.748499812402893,0.5170687922447712,0.5454224116604742,0.47018950109864827,0.4576361152371571
499,0.5095626653253491,0.49034887470119115,0.5125899453249796,0.5456872360714475,0.5023168921661743,0.7510561519210155,0.5175468214203255,0.5444186195632817,0.47141219005091284,0.45736661056046946
500,0.5077589978018624,0.4911671760712217,0.5126007972432316,0.5441815006222426,0.5020360806920815,0.7535758029929602,0.5180167025425316,0.5434193778914088,0.47263902038024114,0.45710016678683846
501,0.5059315177917306,0.49196564983867275,0.5125830503867078,0.5426759636323126,0.5017514190132687,0.7560537454984511,0.5184774221401158,0.5424259166455624,0.47386919592546384,0.45683569621257053
502,0.5040812715478048,0.4927420995361864,0.5125378604764417,0.5411723396393071,0.501462243728242,0.7584849635066828,0.5189280018155207,0.5414394931989963,0.47510203817413305,0.45657216456568545
503,0.5022093839548202,0.4934944434472067,0.5124665815978399,0.5396723900507326,0.5011679162514523,0.7608644615714307,0.5193675018752,0.5404613885041594,0.4763369859157455,0.4563085947624059
504,0.49779660538332604,0.49625357884876764,0.5140282677275645,0.5368498241837691,0.4989540502424679,0.7657184288691629,0.5206290411368343,0.5387809409506407,0.4779314744898483,0.4546835594370868
505,0.49585967911444406,0.4968931436862948,0.5138837843474642,0.535445142410763,0.4987325528117238,0.7679170503813212,0.5209452617182961,0.537774494488294,0.4791646735081467,0.45442412347876876
506,0.4939067803418975,0.4975007807953771,0.5137198883140417,0.5340517272649047,0.49850393899771683,0.7700447771418696,0.5212473372256224,0.5367819443003705,0.48039878481831616,0.45416207730895697
507,0.4919394561058426,0.49807508702003545,0.5135388982097093,0.532671398175097,0.4982676946456623,0.7720969615484827,0.5215345948445941,0.5358046859159502,0.48163377122973405,0.4538967444508623
508,0.489959332493202,0.49861479051415364,0.513343287256958,0.5313059841117899,0.4980233513992971,0.7740690734293973,0.5218064186235675,0.5348441121654747,0.4828696973305431,0.45362751730625783
509,0.4879681130975887,0.49911875067659506,0.513135672482969,0.52995731699186,0.49777048966104476,0.775956715473561,0.5220622528597638,0.533901608395225,0.48410672526459,0.45335385816164586
510,0.4859675769578815,0.4995859574359883,0.512918803210098,0.5286272250178162,0.49750874152076763,0.777755638285823,0.5223016053923235,0.5329785476517759,0.48534511002618513,0.45307529979334105
511,0.4839595759794475,0.5000155299001763,0.5126955489201196,0.5273175259809645,0.49723779363871123,0.7794617550059173,0.522524050785512,0.5320762858576622,0.48658519429788777,0.45279144567649837
512,0.4819460318451069,0.5004067143888337,0.5124688865430881,0.5260300205581501,0.4969573900676842,0.781071155431132,0.5227292333852339,0.531196156999453,0.48782740285868714,0.452501969805493
513,0.4799289324260172,0.5007588818711664,0.512241887224404,0.5247664856315327,0.4966673349990584,0.782580119583997,0.5229168702319094,0.5303394683492719,0.4890722365920323,0.4522066161354244
514,0.4779103277056423,0.5010715248338641,0.51201770262618,0.5235286676605654,0.496367495416764,0.7839851306679874,0.5230867538126939,0.5295074957405513,0.4903202661250564,0.451905197656759
515,0.47589232523291597,0.5013442536076015,0.5117995508212647,0.5223182761349089,0.49605780364314517,0.7852828873561711,0.5232387546360969,0.5287014789184643,0.4915721251321219,0.45159759511732606
516,0.47387708512352417,0.5015767921833155,0.5115907018402851,0.5211369771364599,0.4957382597603016,0.7864703153599547,0.523372823612166,0.5279226169850094,0.4928285033374002,0.4512837554079409
517,0.47186681463097135,0.5017689735522649,0.5113944629338206,0.5199863870380027,0.4954089338904185,0.7875445782274918,0.5234889942216677,0.5271720639582206,0.4940901392526447,0.45096368962991334
518,0.4698637623116604,0.5019207346064097,0.5112141636132658,0.5188680663651545,0.49506996831851724,0.788503087324018,0.5235873844579939,0.5264509244642965,0.49535781268755835,0.4506374708645172
519,0.4678702118106904,0.5020321106380027,0.5110531405351456,0.5177835138473931,0.49472157944113365,0.7893435109493031,0.5236681985259817,0.5257602495807767,0.49663233707124294,0.4503052316662184
520,0.4658884752973462,0.5021032294793838,0.510914722294516,0.516734160682885,0.4943640595245672,0.7900637825505324,0.5237317282823358,0.5251010328480574,0.4979145516240902,0.4499671613029953
521,0.46392088658139263,0.5021343053258389,0.510802214193704,0.5157213650407293,0.4939977782566128,0.7906621079923073,0.5237783544029948,0.5244742064656993,0.49920531342017643,0.44962350276850294
522,0.4619697939432041,0.502125632285979,0.510718883052923,0.5147464068229761,0.49362318407604083,0.7911369718490072,0.5238085472634947,0.5238806376890228,0.5005054893807113,0.4492745495920436
523,0.46003755271252245,0.5020775777054582,0.5106679421293135,0.5138104827074677,0.49324080526455677,0.7914871426885064,0.5238228675192103,0.5233211254404839,0.501815948239386,0.4489206424733838
524,0.4581265176321721,0.5019905753109162,0.5106525362106457,0.512914701491139,0.4928512507865576,0.7917116773201538,0.5238219663732941,0.5227963971492767,0.5031375525205747,0.4485621657703292
525,0.455637752341087,0.5010730631916476,0.5095672358779844,0.5118656461399489,0.4923855562529443,0.7915739520242134,0.5241219434550051,0.5216231231248054,0.5058312259731635,0.4488276412373224
526,0.45379216831272506,0.5009139031263833,0.5096632417224716,0.5110376085050111,0.49193489578909655,0.791478807968797,0.5241280512452278,0.5212162434401221,0.5071811172189394,0.44844805579686536
527,0.4519757047516415,0.5007177184482742,0.5098049851810615,0.5102530325869552,0.4914795318492255,0.7912569946120794,0.5241220939370547,0.5208457995584689,0.5085451359069344,0.4480653727480788
528,0.45019061909406566,0.5004851183920568,0.5099950808380049,0.509512617264713,0.4910204405873055,0.7909088893752187,0.5241051293183062,0.5205121417881269,0.5099240395516732,0.4476801502371866
529,0.4484391247683873,0.5002167400864801,0.5102359983435493,0.5088169524743467,0.4905586781189104,0.790435161899118,0.5240783010528668,0.5202155372995195,0.5113185374618282,0.4472929695964961
530,0.4467233830869545,0.4999132418041018,0.5105300503484947,0.5081665168241085,0.4900953795273077,0.7898367712067472,0.5240428365882337,0.519956168741993,0.5127292837167565,0.446904431500792
531,0.44504549521949105,0.4995752963882673,0.5108793810758973,0.5075616756142982,0.489631757537977,0.7891149617658686,0.5240000446975612,0.5197341331458152,0.5141568704425119,0.446515152193224
532,0.443407494288653,0.49920358490136896,0.5112859555811399,0.5070026792674462,0.4891691008552655,0.7882712584631771,0.5239513126558807,0.5195494411123109,0.515601821421444,0.4461257598088185
533,0.44181133762763297,0.4987987905368669,0.5117515497486134,0.506489662172534,0.4887087721563745,0.7873074605055501,0.5238981030518493,0.5194020162937875,0.5170645860678146,0.44573689082283485
534,0.4397866739009121,0.49751977252064394,0.5114268538189761,0.50609041720785,0.4878848152161811,0.7853239688622955,0.524421899800139,0.5186911553137632,0.5200249799418136,0.44595385006377924
535,0.43830455917348776,0.4970601935613929,0.5120582909581514,0.5056569003674753,0.4873893138093989,0.7840661849047736,0.5244070220982965,0.5186620051814758,0.5215271319728598,0.44555511647821155
536,0.4368702874425828,0.4965696663659393,0.5127531543323572,0.5052692445398916,0.4869010230776789,0.7826966385783779,0.524393628523878,0.5186688291152426,0.5230481349764385,0.4451590866065359
537,0.4354853933238306,0.4960487861071838,0.5135122236858843,0.5049270847812044,0.4864216079854947,0.7812182587826866,0.5243834714676002,0.5187111433478312,0.524588059517072,0.4447664167039637
538,0.43415129809764075,0.4954981238853587,0.5143360497588522,0.5046299393458544,0.4859527909160081,0.7796341970955347,0.5243783537507876,0.5187883807935006,0.5261468764409709,0.44437775485849096
539,0.432869303870913,0.4949182233248561,0.5152249501708948,0.5043772111840763,0.485496347536187,0.7779478154212526,0.524380123122213,0.5188998923849222,0.5277244538196982,0.44399373874457165
540,0.4316405881573405,0.49430959767577853,0.5161790062900002,0.5041681898335999,0.4850541023340167,0.7761626728296641,0.5243906664602158,0.5190449486684093,0.5293205544325428,0.44361499366043466
541,0.43046619890282134,0.49367272743960555,0.5171980611011907,0.5040020536948749,0.4846279238370651,0.7742825116387361,0.5244119036969324,0.5192227416495353,0.5309348338007128,0.4432421308624678
542,0.4293470499801134,0.49300805853490565,0.5182817180852446,0.5038778726776258,0.4842197195234926,0.772311242797452,0.52444578148313,0.5194323868802816,0.5325668387837044,0.44287574620785275
543,0.42828391717432024,0.49231600101544226,0.5194293411131714,0.5037946112051858,0.48383143043841437,0.7702529306289427,0.5244942666137966,0.5196729257780385,0.5342160067454093,0.4425164191142853
544,0.4272774346781819,0.4915969283493822,0.520640055357622,0.5037511315617736,0.4834650255303414,0.7681117769971473,0.5245593392362184,0.519943328165988,0.5358816652947117,0.44216471184323225
545,0.4263280921134089,0.49085117726458355,0.521912749217851,0.5037461975666738,0.48312249572417765,0.7658921049632288,0.5246429858637814,0.5202424950236747,0.5375630326024495,0.441821169110716
546,0.4254362320914937,0.4900790481612014,0.5232460772503418,0.5037784785581797,0.48280584774899193,0.763598342000679,0.5247471922201707,0.5205692614359214,0.539259218293772,0.44148631802714794
547,0.4246020483245909,0.489280806089072,0.5246384640926973,0.5038465536691533,0.48251709774044865,0.7612350028404438,0.5248739359399912,0.5209223997276675,0.5409692249120615,0.44116066836522067
548,0.4238255842941413,0.48845668228357386,0.5260881093639588,0.5039489163751406,0.4822582646393894,0.758806672019551,0.5250251791530833,0.5213006227717846,0.5426919499477696,0.4408447131523814
549,0.4231067324820083,0.48760687624992854,0.5275929935201567,0.5040839792951826,0.4820313634095984,0.7563179862084455,0.525202860980935,0.521702587456486,0.544426188422682,0.4405389295819055
550,0.4224452341659616,0.48673155838221116,0.5291508846396217,0.5042500792247487,0.4818383980992134,0.7537736163937857,0.5254088899746395,0.5221268982985786,0.5461706360174202,0.440243780234143
551,0.42184067977843887,0.4858308730997459,0.5307593461084448,0.5044454823796407,0.48168135477162244,0.7511782499945061,0.5256451365247411,0.5225721111885057,0.5479238927272646,0.4399597145970975
552,0.42129250982462946,0.4849049424800111,0.5324157451724365,0.5046683898291937,0.48156219433290093,0.7485365729897959,0.5259134252740778,0.5230367372528959,0.5496844670287765,0.43968717087314296
553,0.4208000163530909,0.4839538703638025,0.5341172623181045,0.5049169430967465,0.4814828452840014,0.7458532521380251,0.5262155275653846,0.5235192468201915,0.5514507805371812,0.43942657805641167
554,0.42036234496935443,0.4829777469051233,0.5358609014414567,0.5051892299050615,0.4814451964269059,0.7431329173657476,0.5265531539558995,0.5240180734748374,0.55322117313204,0.4391783582632195
555,0.41997849738026716,0.48197665353514196,0.5376435007599403,0.5054832900441857,0.48145108955481664,0.7403801444055831,0.5269279468315516,0.5245316181854915,0.5549939085264157,0.43894292929579426
556,0.4196473344542545,0.4809506683066479,0.5394617444195534,0.5057971213392027,0.4815023121572251,0.7375994377611509,0.527341473153516,0.5250582534927815,0.5567671802525815,0.43872070741765345
557,0.4193675797801982,0.4798998715826637,0.5413121747460735,0.5061286856953378,0.4816005901712646,0.7347952140761534,0.5277952173699307,0.5255963277422385,0.5585391180352306,0.4385121103171312
558,0.41913782370527075,0.47882435203034096,0.5431912050865215,0.5064759151980007,0.4817475808112019,0.7319717859833444,0.5282905745254401,0.5261441693482248,0.5603077945212672,0.43831756023389473
559,0.41862390045321307,0.47592191496041647,0.5522125227597504,0.5060813673338266,0.4865828984964392,0.7247988328821577,0.5247322082011391,0.5304707757971704,0.5625447997192924,0.4363938901682371
560,0.41854464351088605,0.47388562528891853,0.5542638613076536,0.5072117486331443,0.4863714696551027,0.7202308748326793,0.5267871516922837,0.5305471332385546,0.5660372236027796,0.4366063504386838
561,0.41855307670855646,0.47259734372784673,0.5561774571589458,0.5076727395379446,0.4869650248223889,0.7173816271662634,0.5273909364681723,0.5310724268820571,0.5677989724143089,0.43654926818606365
562,0.41859906053648616,0.4712866604184604,0.5580954863746403,0.5081342349152391,0.4876166490814903,0.7145376020876563,0.5280423949064058,0.5315975896877422,0.5695436232873866,0.4365090082666882
563,0.41866193173854943,0.46858900089066036,0.5604554543225356,0.5098939926125018,0.4868334713033559,0.7082114014499864,0.5323212794517218,0.5312617969314405,0.5744882112689956,0.4369015091939072
564,0.41881191462828904,0.46727098168512493,0.5624066621302775,0.5103075842795222,0.4875667962589853,0.705395469043232,0.5332101028544709,0.5318020144656361,0.5761300135825917,0.4368783819241908
565,0.41899025964646963,0.46593187384014584,0.5643455501227731,0.5107143843750144,0.4883602172439571,0.7025958941849328,0.5341486619960201,0.532334669344662,0.5777462470707595,0.4368746861413177
566,0.419194435950963,0.4645723313485132,0.5662680930776944,0.5111124234606521,0.48921409482554223,0.6998148679504255,0.5351369841043871,0.532858148466556,0.5793348783890716,0.43689114448357613
567,0.419421860143988,0.4631930972192105,0.5681703187216595,0.5114997747798382,0.4901286495200265,0.6970543424987635,0.536174950816694,0.5333708691373946,0.5808939182139143,0.43692852602062227
568,0.4196699040212765,0.4617950091039831,0.5700483223992386,0.5118745590675896,0.4911039587986849,0.694316027381371,0.5372622965999182,0.5338712826314679,0.5824214291817379,0.43698764859191
569,0.4199359023552751,0.46037900454875924,0.5718982814192565,0.5122349491599408,0.49213995458879795,0.6916013870665653,0.5383986077204133,0.534357877624791,0.5839155336237908,0.43706938086281705
570,0.42021716067959747,0.45894612582607364,0.5737164690170529,0.5125791743923764,0.4932364212869071,0.6889116396938713,0.5395833217729866,0.5348291834956175,0.585374421058967,0.43717464407204437
571,0.4205109630428057,0.4574975243067062,0.5754992678732685,0.5129055247779032,0.4943929942993327,0.6862477570662661,0.5408157277778907,0.5352837734863528,0.5867963554086183,0.43730441344551024
572,0.4208145797005995,0.456034464331036,0.5772431831318618,0.5132123549564217,0.4956091591226435,0.683610465882626,0.5420949668514593,0.5357202677219098,0.5881796818985928,0.43745971925373905
573,0.42112527471671224,0.45455832654318423,0.5789448548625145,0.5134980879081686,0.4968842509743802,0.681000250206756,0.5434200334535412,0.5361373360802472,0.5895228336153333,0.4376416474917417
574,0.4214403134441688,0.4530706106538058,0.5806010699152009,0.5137612184250625,0.498217454981821,0.6784173551634088,0.5447897772121539,0.5365337009114698,0.5908243376846106,0.4378513401624968
575,0.4217569698600957,0.45157293760040146,0.5822087731176476,0.5140003163348655,0.49960780693402845,0.6758617918457963,0.5462029053230828,0.5369081396025295,0.5920828210433549,0.43808999514743974
576,0.4228992093772046,0.44791108775913946,0.5862801060833216,0.5135051653029836,0.5052547678797475,0.6714582574863436,0.5459169818118027,0.5390200495178438,0.5930505867429999,0.43900724069302977
577,0.42319390118261435,0.4463313932071494,0.5876718293639375,0.513684019116229,0.5068942005130168,0.6689864141625709,0.5473700152409681,0.539311199929113,0.5942232597979203,0.4393790147558086
578,0.4234790355432695,0.4447498228560675,0.589005321542541,0.5138333581810577,0.5085852053356702,0.6665396796727082,0.5488603891351401,0.5395765799454386,0.595348271220216,0.43978493620180437
579,0.42375202829751263,0.44316861458981355,0.5902785096717281,0.513952189159789,0.5103260002574858,0.6641170134626062,0.5503862571683646,0.5398152502056008,0.5964247592246683,0.44022646602382715
580,0.42401034474259874,0.44159012560333666,0.591489526572968,0.5140396075962566,0.5121146692099471,0.6617171938328832,0.5519456573519628,0.5400263377078257,0.5974519877433168,0.4407051119958473
581,0.4242515053428809,0.44001682981318313,0.5926367161795719,0.5140947991976842,0.5139491670460523,0.6593388303904462,0.553536517866846,0.540209037377375,0.5984293488852956,0.4412224253561077
582,0.42447309114136145,0.43845131455098746,0.5937186379729175,0.5141170408721354,0.5158273249572173,0.6569803773862471,0.5551566633467282,0.5403626134732736,0.5993563648284007,0.44177999703230686
583,0.42467274886637435,0.43689627654262386,0.5947340704972134,0.5141057015254735,0.5177468563871417,0.6546401478753189,0.5568038215871163,0.5404864008353005,0.6002326891341122,0.442379453417117
584,0.4248481957274737,0.4353545171798598,0.5956820139423121,0.5140602426224593,0.5197053634199157,0.6523163286307893,0.5584756306526704,0.5405798059727046,0.6010581074806367,0.44302245170526594
585,0.42466111276696855,0.4336044422935438,0.5966113137775814,0.5143929930134513,0.5213620238451465,0.6485973673921426,0.5626182097881784,0.5399182501685659,0.6029006404510635,0.4436118965990052
586,0.4247739828942202,0.4321434181816229,0.5974187995237155,0.5142560467467184,0.5233711587079407,0.6463046010225881,0.5643757125355076,0.5399343160835907,0.6035698015162136,0.4443519103235201
587,0.4248555392194425,0.4307060906867053,0.5981566827668289,0.5140839873339261,0.5254104086162844,0.644021173904391,0.5661485871593578,0.5399183814523236,0.6041885422330138,0.4451415262774917
588,0.4249038662355198,0.4292956517142004,0.5988249426576009,0.5138766844504904,0.5274770130440646,0.6417449036410391,0.5679341171587177,0.5398701979910726,0.6047572694521793,0.44598247125262164
589,0.42491713920393814,0.42791536008235653,0.5994237792220546,0.5136340999747321,0.5295681420858964,0.6394735738687565,0.5697295415750387,0.5397895924137559,0.605276514848303,0.44687646978834306
590,0.4248936269561082,0.4265685326242268,0.5999536099838201,0.5133562872155657,0.531680905057306,0.63720495216573,0.5715320640365801,0.5396764665012165,0.6057469318452408,0.44782523715495304
591,0.42483169441065166,0.42525853475722214,0.6004150657000561,0.513043389950023,0.5338123593264649,0.6349368080976987,0.5733388619357718,0.5395307970337317,0.6061692920145679,0.448830472073912
592,0.42597351834403485,0.41994416064234236,0.601886108530701,0.5107739550999735,0.5431561253231149,0.6298857399155728,0.5731752593508328,0.5413387951604967,0.6050385961167921,0.453668208098552
593,0.4257370363089729,0.4186797012677869,0.6020164207136792,0.5103439086117896,0.5454182951544893,0.6276050153747605,0.5748857933478145,0.5410867741007488,0.6053912283653518,0.45493824616855705
594,0.42474604109766395,0.41766465008716264,0.6019261633023079,0.5100588812432112,0.5475769767583167,0.6239920002388997,0.5789178047253498,0.539863443529733,0.6065338096058743,0.456197297416638
595,0.42440447586550095,0.4165763474718522,0.6019402657718713,0.5095462967452161,0.5498150505964173,0.6216839506111935,0.5806342684296688,0.5395296562197393,0.6067473151288435,0.4576110342492962
596,0.42401537310050713,0.41554922475919,0.6018968955151167,0.5090019015237743,0.5520493295608331,0.6193622545856609,0.582336726821934,0.5391652009205116,0.606920184722043,0.45909177421527125
597,0.4235779351076637,0.4145866579367142,0.6017981670433814,0.5084265134532145,0.5542767124046459,0.6170253343872498,0.5840225526452163,0.5387706115328875,0.607053895448253,0.4606408049774017
598,0.4230914730057158,0.4136919698925639,0.6016463310116987,0.5078210235094862,0.5564941323385583,0.614671767303954,0.585689170565867,0.5383464911551095,0.6071499933575748,0.46225932666540526
599,0.4225554071783744,0.4128684182738887,0.6014437630139671,0.5071863933706369,0.558698566156903,0.6123003001441845,0.5873340650929365,0.5378935108695577,0.6072100860728391,0.4639484439728896
600,0.42196926762191544,0.41211918337413467,0.6011929519566963,0.5065236529293815,0.5608870431221038,0.6099098628700008,0.5889547881796532,0.537412408421534,0.6072358351457608,0.46570915842632
601,0.4213326942079377,0.4114473561076469,0.600896488066032,0.505833897725254,0.5630566535657522,0.6074995813323099,0.5905489664705298,0.536903986792699,0.6072289482209775,0.4675423608691666
602,0.4206454368795404,0.41085592613001803,0.6005570505840485,0.5051182863035899,0.565204557165755,0.6050687890382387,0.5921143081593573,0.5363691126716895,0.607191171045914,0.46944882420393735
603,0.4199073557984894,0.41034777016226437,0.6001773952113362,0.5043780375082627,0.567327990860499,0.602617037885358,0.593648609425216,0.5358087148243548,0.6071242793649909,0.4714291964339998
604,0.41911842146002914,0.4099256405762443,0.5997603413536062,0.5036144277147889,0.569424276362649,0.6001441078022393,0.5951497604156711,0.5352237823659418,0.6070300707370975,0.4734839940460375
605,0.4182787147909523,0.40959215429775625,0.5993087592305811,0.5028287880101087,0.5714908272371874,0.5976500152400136,0.5966157507486278,0.5346153629375189,0.6069103563154737,0.4756135957727103
606,0.41738842724528014,0.4093497820824609,0.5988255569055515,0.5020225013250014,0.5735251555103444,0.5951350204650042,0.5980446745066743,0.5339845607888162,0.6067669526291121,0.4778182367735422
607,0.41644786091050034,0.4092008382181687,0.598313667293975,0.5011969995247645,0.5755248777784593,0.5925996336082915,0.5994347347003872,0.5333325347696338,0.6066016734046531,0.4800980032702991
608,0.41545742863575996,0.4091474707051479,0.5977760352090952,0.5003537604634644,0.5774877207882545,0.590044619434007,0.6007842471797624,0.5326604962319115,0.6064163214673287,0.4824528276711283
609,0.4144176541916982,0.4091916519639183,0.5972156045019761,0.4994943050067126,0.5794115264627154,0.5874710007944043,0.6020916439758346,0.5319697068445167,0.6062126807589723,0.48488248421552543
610,0.41332917246978845,0.40933517011754017,0.5966353053524376,0.49862019402761615,0.5812942563495609,0.584880060746118,0.6033554760575142,0.531261476322813,0.6059925085103345,0.48738658516978717
611,0.4121927297271104,0.4095796208926906,0.5960380417662712,0.4977330253802221,0.5831339954722863,0.5822733433086202,0.6045744154917903,0.5305371600750579,0.6057575276040359,0.4899645776000048
612,0.41100918388044266,0.4099264001808462,0.5954266793326936,0.49683443085447626,0.5849289555668312,0.5796526528525363,0.6057472569986109,0.529798156767716,0.6055094191633534,0.492615740746886
613,0.4097795048514414,0.41037669729769494,0.5948040332944085,0.49592607311642434,0.586677477690153,0.5770200521123136,0.6068729188950288,0.5290459058118199,0.6052498154007785,0.4953391840237443
614,0.4085047749624961,0.4109314889754892,0.5941728569807295,0.49500964263710184,0.5883780341902619,0.5743778588245316,0.6079504434264936,0.528281884772564,0.604980292758836,0.49813384565591523
615,0.4071861893806199,0.411591534119439,0.5935358306521981,0.4940868546133286,0.5900292300306903,0.5717286410000723,0.608978996486552,0.5275076067044336,0.6047023653740659,0.5009984919766541
616,0.4058250566044751,0.4123573693554617,0.5928955508027731,0.493159445883348,0.5916298034657573,0.569075210845183,0.6099578667295458,0.5267246174142487,0.6044174788933265,0.5039317173912238
617,0.4044227989873776,0.41322930539267855,0.5922545199632303,0.4922291718400818,0.5931786260665182,0.5664206173533267,0.6108864640843126,0.5259344926546733,0.6041270046697191,0.5069319450174915
618,0.402980953286856,0.4142074242199577,0.5916151370466893,0.49129780334454987,0.5946747021007461,0.5637681375964287,0.6117643176802052,0.5251388352508655,0.6038322343634217,0.5099974280078379
619,0.401501171229129,0.41529157715164844,0.5909796882743782,0.4903671236418603,0.5961171672738246,0.5611212667507791,0.612591073200084,0.5243392721631438,0.6035343749706248,0.5131262515536545
620,0.3999852200746778,0.41648138373336885,0.5903503387167144,0.48943892528202315,0.597505286840902,0.5584837068993185,0.6133664896781946,0.5235374514887374,0.6032345443015551,0.5163163355701175
621,0.3984349831689932,0.4177762315143966,0.5897291244816559,0.48851500704774065,0.5988384531041099,0.5558593546583374,0.6140904357639992,0.5227350394059028,0.6029337669262436,0.5195654380553427
622,0.396658763700192,0.417871560901216,0.5883360348859944,0.4862410873596236,0.6024260851583876,0.5506932083776198,0.6137316619368879,0.5227909628634769,0.6011544500761885,0.5289300734954666
623,0.39498549062404015,0.41940468888644084,0.5876844966881817,0.48532804378358857,0.6036203025793306,0.5481350176694582,0.6142697946326747,0.522015996469362,0.6009046155046113,0.532347982356237
624,0.39328605196588906,0.4210394131902366,0.5870493024152084,0.4844261495835807,0.6047577815151755,0.5456072184109348,0.6147577097480831,0.5212468993396112,0.6006554300425687,0.5358134978029832
625,0.3915629203834188,0.4227740000742283,0.5864317590422938,0.4835371719819733,0.6058384779210794,0.5431144511239171,0.61519576084963,0.5204853585528915,0.6004073913464201,0.539323668770635
626,0.38981868664087094,0.42460649808615086,0.5858330085449239,0.48266286668382263,0.6068624516872307,0.5406614550134251,0.6155843759357467,0.5197330598188283,0.6001608949030937,0.5428754173093022
627,0.38805605947156513,0.4265347437700509,0.5852540253922335,0.4818049750206875,0.6078298604685477,0.5382530492253681,0.6159240508553901,0.518991684138826,0.5999162334669161,0.5464655460826812
628,0.38627786523979657,0.42855636814781056,0.5846956148327243,0.4809652211159497,0.6087409531039067,0.5358941135080139,0.6162153424782316,0.5182629044467206,0.599673597007398,0.5500907463657513
629,0.3844870473732908,0.43066880394035495,0.5841584119712998,0.48014530907326686,0.609596062665075,0.5335895683684071,0.6164588616595557,0.5175483822354341,0.5994330731648317,0.5537476065070469
630,0.38268666553687286,0.43286929349323744,0.5836428816329634,0.4793469201898883,0.6103955991777134,0.5313443548177741,0.6166552660444201,0.5168497641760709,0.5991946482081228,0.5574326208181622
631,0.3808798945177666,0.43515489736787344,0.5831493190049732,0.4785717101967647,0.6111400420587877,0.529163413802373,0.6168052527567911,0.5161686787362183,0.5989582084868892,0.5611421988507741
632,0.37907002279292007,0.4375225035564486,0.5826778510457102,0.4778213065275313,0.6118299323164217,0.5270516654181188,0.6169095510202665,0.5155067328044753,0.5987235423674969,0.5648726750192313
633,0.3772604507490164,0.43996883727556746,0.5822284386451394,0.47709730561866825,0.6124658645597152,0.5250139880087569,0.6169689147576429,0.514865508328532,0.598490342640451,0.5686203185248184
634,0.37545468852630914,0.4424904712909401,0.5818008795184132,0.4764012702433229,0.6130484788672473,0.5230551972482205,0.6169841152169656,0.5142465589743541,0.598258209384344,0.572381343536038
635,0.37365635345821246,0.4450838367229567,0.5813948118110028,0.47573472688151464,0.6135784525639609,0.5211800253082466,0.6169559336718056,0.5136514068142896,0.5980266532694805,0.5761519195777729
636,0.3718691670795929,0.4477452342808073,0.5810097183906775,0.47509916312965783,0.6140564919567654,0.5193931002121644,0.616885154243341,0.5130815390521135,0.5977950992822609,0.5799281820809589
637,0.37009695167801765,0.4504708458709084,0.5806449317987721,0.4744960251525656,0.6144833240796209,0.5176989254751551,0.6167725568913629,0.5125384047932398,0.5975628908495519,0.5837062430434141
638,0.36834362636376916,0.45325674652380915,0.5802996398304378,0.4739267151813306,0.6148596884989702,0.5161018601301223,0.6166189106206319,0.5120234118684731,0.597329294340448,0.5874822017517906
639,0.3666132026362646,0.45609891658247703,0.5799728917110001,0.47339258906070353,0.6151863292302036,0.5146060992366456,0.6164249669479744,0.5115379237198402,0.5970935039212055,0.5912521555141731
640,0.36490977942658614,0.4589932540938972,0.5796636048331902,0.4728949538498087,0.6154639868154104,0.513215654968329,0.6161914536742782,0.5110832563571212,0.5968546467375928,0.5950122103527291
641,0.36293411426226685,0.4616340935318959,0.5789397084646194,0.4720969858246671,0.615944729534508,0.5106722010205027,0.6148774714782145,0.5119190213697821,0.595159262894438,0.6053128228245314
642,0.36129405013812255,0.4646190383003753,0.5786303227766268,0.47169539396817206,0.6161045630150531,0.5096236010858107,0.6145004529582775,0.5115868696654455,0.5949302475543939,0.6089887677005152
643,0.3596975066176456,0.46764093893587905,0.5783343197827846,0.4713342967199946,0.6162179994302194,0.5086939661431418,0.6140868031539246,0.5112898086914323,0.5946929476027422,0.6126387869401398
644,0.35814893308027823,0.47069542962235333,0.5780500468460189,0.4710147253287669,0.6162856575026119,0.50788612397161,0.6136370503653547,0.5110288417262716,0.5944462783247143,0.6162592608558839
645,0.35665282567989653,0.4737781351604243,0.5777757669585486,0.4707376512347215,0.6163081128766279,0.5072026233697688,0.6131516697257899,0.5108049081462893,0.5941891274357216,0.619846639550565
646,0.35521371842959,0.4768846833484843,0.5775096685243879,0.4705039841935078,0.6162858924467922,0.5066457217233217,0.6126310803677304,0.5106188811868972,0.5939203614763001,0.6233974517369687
647,0.3538361737029687,0.48001071711076976,0.5772498753618549,0.4703145704813772,0.6162194691875154,0.5062173737770161,0.6120756431775143,0.5104715658468266,0.5936388322857833,0.6269083131435371
648,0.35252477215978884,0.48315190631940785,0.5769944568775445,0.47017019118671943,0.6161092575191983,0.5059192216660653,0.6114856591587675,0.5103636969430069,0.5933433835233998,0.6303759344675807
649,0.3512841021076185,0.486303959259609,0.5767414383630716,0.4700715605930188,0.6159556092426498,0.5057525862562001,0.6108613684217828,0.5102959373234831,0.5930328572055394,0.6337971288399584
650,0.3501187483152618,0.4894626336896842,0.576488811365946,0.4700193246583585,0.6157588100706268,0.5057184598349415,0.6102029498121908,0.5102688762453733,0.5927061002281047,0.6371688187678678
651,0.3490332802977268,0.4926237474502608,0.5762345440862375,0.4700140595965948,0.6155190767819585,0.5058175001899128,0.6095105211884876,0.5102830279244411,0.5923619708432122,0.6404880425252719
652,0.3480322400966159,0.4957831885800995,0.5759765917512172,0.470056270565336,0.6152365550202079,0.5060500261030874,0.6087841403540943,0.5103388302624099,0.5919993450599864,0.6437519599635587
653,0.34712012958392807,0.498936924899084,0.5757129069209008,0.47014639046578216,0.614911317755171,0.5064160142827407,0.608023806645659,0.5104366437576171,0.5916171229398306,0.6469578577182706
654,0.3463013973213464,0.5020810130223746,0.5754414496783818,0.47028477885940945,0.614543364421726,0.5069150977476546,0.6072294631752855,0.5105767506040789,0.5912142347573188,0.6501031537911122
655,0.3455804250111406,0.5052116067733237,0.575160197660002,0.47047172100637064,0.6141326207466511,0.5075465656708054,0.6064009997203236,0.5107593539834425,0.5907896469987584,0.6531854014899403
656,0.34496151357877747,0.5083249649664855,0.5748671558817801,0.4707074270302971,0.6136789392700676,0.5083093646824013,0.6055382562503044,0.5109845775536873,0.5903423681715165,0.6562022927130715
657,0.34444886893122384,0.5114174585359708,0.574560366320064,0.47099203121402206,0.6131821005640922,0.5092021016247712,0.6046410270765333,0.5112524651377818,0.5898714543983397,0.6591516605678993
658,0.344046587438674,0.5144855769883931,0.574237917206112,0.4713255914304972,0.6126418151472403,0.5102230477442662,0.603709065605886,0.5115629806148274,0.5893760147721733,0.6620314813176144
659,0.343758641191038,0.517525934163775,0.5738979519962029,0.4717080887129134,0.6120577260889793,0.5113701442980649,0.6027420896763691,0.5119160080154995,0.588855216448375,0.6648398756535814
660,0.3435888630839634,0.5205352732919422,0.5735386779809479,0.47213942696774,0.6114294122947621,0.5126410095466294,0.6017397874481695,0.5123113518228785,0.5883082894526641,0.6675751092947784
661,0.3435409317923668,0.5235104713361651,0.5731583744996515,0.4726194328340538,0.6107563924577741,0.5140329470955357,0.6007018238201496,0.51274873747899,0.587734531184737,0.6702355929194899
662,0.34361835669247326,0.5264485426200308,0.5727554007279324,0.4731478556921719,0.6100381296596153,0.5155429555435864,0.5996278473381298,0.5132278120966219,0.5871333105991083,0.6728198814382708
663,0.34382446279608403,0.5293466417377647,0.5723282030092526,0.47372436782420013,0.6092740365981898,0.5171677393875225,0.5985174975578264,0.5137481453751906,0.586504072046467,0.6753266726209256
664,0.34416237576326714,0.5322020657524075,0.5718753217035514,0.47434856472868653,0.6084634814172062,0.5189037211272949,0.5973704128220024,0.5143092307186368,0.5858463387606047,0.6777548050939297
665,0.34463500706183964,0.5350122556904008,0.5713953975288435,0.47501996559110793,0.6076057941079508,0.5207470545098168,0.5961862384083049,0.5149104865525391,0.5851597159778117,0.6801032557283027
666,0.34524503934385453,0.5377747973451777,0.5708871773743537,0.47573801391145343,0.6067002734504197,0.5226936388434046,0.5949646350013479,0.5155512578368281,0.5844438936775198,0.6823711364414473
667,0.34599491211082317,0.5404874214063157,0.5703495195665382,0.4765020782896616,0.6057461944574072,0.5247391343097325,0.5937052874399604,0.5162308177696953,0.5836986489348538,0.6845576904397646
668,0.3468868077405608,0.5431480029346158,0.5697813985721862,0.477311453369147,0.6047428162819274,0.5268789781951719,0.5924079136880964,0.5169483696775009,0.5829238478777145,0.6866622879320914
669,0.34792263794933076,0.5457545602071446,0.5691819091256392,0.4781653609381227,0.603689390545257,0.5291084019588036,0.5910722739757643,0.5177030490847089,0.5821194472429372,0.688684421347005
670,0.34910403076336466,0.548305252959765,0.5685502697700558,0.47906295118787207,0.6025851700400461,0.5314224490502859,0.5896981800544778,0.5184939259571256,0.5812854955280241,0.690623700089872
671,0.3504323180738427,0.5507983800579778,0.5678858258055303,0.4800033041265673,0.6014294177603351,0.5338159933870924,0.5882855045101563,0.5193200071109773,0.580422133736886,0.6924798448781497
672,0.3519085238490172,0.5532323766299762,0.567188051639723,0.4809854311466576,0.6002214162079385,0.5362837583974577,0.5868341900751357,0.5201802387796465,0.5795295957199449,0.6942526816958231
673,0.35353335307634726,0.5556058106986715,0.5664565525395397,0.48200827674329255,0.5989604769225908,0.5388203365327081,0.5853442588800388,0.521073509329229,0.5786082081108572,0.6959421354100734
674,0.3560997390396161,0.5605044964481968,0.5650819860620119,0.48336947064170965,0.5975012358563088,0.542661304210319,0.5829414580121787,0.5219285679806971,0.5776653985293576,0.6973468748574364
675,0.3581205213475866,0.5627098074143544,0.5642696490770774,0.4845020548298269,0.5960973859510295,0.5453447482443526,0.5813667860540557,0.5228895917915379,0.5766708306042064,0.6988633416700163
676,0.3602897111322154,0.5648504185483065,0.5634231358419411,0.48567132741496205,0.5946384444275596,0.5480776456686715,0.5797542220322087,0.5238796743832141,0.5756489925242504,0.7002961971708058
677,0.36260644665444386,0.5669254858997745,0.5625426695490152,0.4868759355635604,0.5931239698590498,0.5508542468526799,0.5781042457616962,0.5248974990587394,0.5746005961343008,0.7016456837855788
678,0.365069501949585,0.5689342710230335,0.5616286025429502,0.48811447129494423,0.5915536047201554,0.5536687818898091,0.5764174625507059,0.5259417076601689,0.5735264400315988,0.7029121062776319
679,0.3690805298532901,0.5704404940765543,0.5604277586115489,0.49027839687763564,0.5884978218091915,0.5580615951903173,0.5739467780459084,0.5280328964331276,0.5714367001993568,0.7055273975681979
680,0.37187926988933134,0.5722944608040915,0.5594291952183182,0.49158272510978523,0.5867941026532139,0.56094568616749,0.5721611479502615,0.5291459761027123,0.570305934797658,0.7065539079734907
681,0.3748172409226696,0.5740802426975246,0.5583992522527098,0.49291555730198056,0.5850342122338144,0.5638473360611419,0.5703420188917678,0.5302800777935683,0.5691532411275038,0.7074996197722685
682,0.37789155715533795,0.575797467915458,0.5573388097143951,0.49427529358336586,0.5832182899268502,0.5667609324831,0.5684906562535241,0.5314336827489141,0.5679797888689975,0.708365060088412
683,0.3810989590783654,0.5774458399818898,0.5562488603107696,0.4956602949113384,0.5813466076208005,0.5696809491186741,0.5666084857010083,0.5326052508037025,0.5667868156450446,0.7091507759787627
684,0.3844358159960835,0.5790251319464067,0.5551305048678326,0.4970688862054348,0.5794195774526036,0.5726019631122432,0.5646970972222347,0.5337932240133753,0.5655756228926214,0.709857327753888
685,0.38789812996630973,0.5805351806506379,0.5539849473470474,0.4984993595508496,0.5774377590291547,0.575518671669653,0.5627582484044873,0.5349960302751899,0.5643475715049475,0.7104852825922047
686,0.39148154117580664,0.5819758811468146,0.5528134894969728,0.49994997746247,0.5754018660848832,0.5784259077995678,0.5607938669099649,0.5362120869287919,0.5631040772661943,0.7110352084910996
687,0.39518133476409945,0.5833471813125948,0.5516175251696018,0.5014189762000703,0.5733127725284153,0.5813186551209932,0.5588060521165061,0.5374398043228363,0.561846606100967,0.7115076685965545
688,0.39899244910222825,0.5846490767043678,0.5503985343323219,0.5029045691251097,0.5711715178341199,0.5841920616695969,0.5567970758936212,0.5386775893346745,0.5605766691613202,0.7119032159503568
689,0.40290948552629047,0.5858816056890126,0.5491580768072153,0.5044049500894061,0.5689793117374653,0.5870414526413135,0.5547693824883619,0.5399238488303888,0.5592958177744611,0.7122223886913629
690,0.406926719518784,0.5870448448915909,0.5478977857700491,0.5059182968458555,0.5667375381964167,0.5898623420178353,0.5527255875000259,0.5411769930528028,0.5580056382745479,0.7124657057443579
691,0.4132814521136672,0.5898806112381383,0.5457519315085911,0.5079450084924417,0.564032977933747,0.5938339182972548,0.5494566065469705,0.5427932804463982,0.5562810163901332,0.7119575208904804
692,0.4175396296388158,0.5908558522585722,0.5444500357392105,0.5094934529377977,0.5616675150946914,0.5965672381398786,0.5473944920069856,0.544047871454574,0.554968748421609,0.7120409649726004
693,0.42187527379971806,0.5917626303118563,0.543134678648953,0.5110484222295472,0.5592584028798425,0.5992582392527307,0.5453266956845836,0.5453041556774907,0.5536523819800864,0.7120491817656437
694,0.42628135255790445,0.5926011615372033,0.5418077510332887,0.5126080449483578,0.556807839580541,0.6019033866558706,0.5432565501722172,0.5465606104072285,0.5523335939837809,0.7119825592407378
695,0.4307505943467723,0.5933716797824065,0.5404711770509898,0.5141704527722841,0.554318206728537,0.604499376083813,0.5411875358393357,0.5478157320187861,0.5510140687130168,0.7118414552661266
696,0.4352755080375195,0.5940744348522767,0.5391269069474777,0.5157337838483383,0.5517920676547772,0.607043137504087,0.5391232737362037,0.5490680385894757,0.5496954924575558,0.7116261969790372
697,0.43984840407788683,0.5947096912630564,0.5377769097914835,0.5172961861103789,0.5492321651478203,0.6095318373225915,0.5370675175931711,0.5503160723749936,0.5483795482126187,0.7113370807773006
698,0.4444614167374681,0.5952777275108289,0.5364231662560199,0.5188558205340645,0.5466414182095052,0.61196287928084,0.5350241449367875,0.551558402135138,0.5470679104449463,0.7109743729335973
699,0.44910652738687834,0.5957788358579533,0.5350676614737946,0.5204108643199306,0.5440229179101981,0.6143339040576464,0.5329971473491918,0.5527936253029714,0.5457622399495464,0.7105383108311278
700,0.4537755887318448,0.5962133226374885,0.5337123779961906,0.5219595139960228,0.5413799223506754,0.6166427875951879,0.5309906199021305,0.5540203699920625,0.5444641788169817,0.7100291048154204
701,0.4584603499173412,0.5965815090715203,0.5323592888838093,0.5234999884319167,0.5387158507424044,0.6188876381766532,0.5290087498017942,0.5552372968373147,0.543175345530175,0.7094469406528906
702,0.46315248241122664,0.5968837325952696,0.5310103509553394,0.5250305317563982,0.5360342766226629,0.6210667922897773,0.527055804285352,0.556443100665778,0.5418973302087547,0.7087919825827367
703,0.4678436065715807,0.5971203486748702,0.5296674982201829,0.5265494161715433,0.5333389202255507,0.6231788093174803,0.5251361178145747,0.5576365119947577,0.540631690017957,0.708064376944742
704,0.4725253187969886,0.5972917331027823,0.5283326355188526,0.5280549446564649,0.5306336400344946,0.6252224651034968,0.5232540786163008,0.5588162983554613,0.5393799447580243,0.7072642563616743
705,0.47718921915454326,0.5973982847509822,0.527007632393628,0.5295454535544889,0.5279224235462304,0.6271967444472484,0.5214141146235836,0.5599812654413312,0.5381435726488921,0.7063917444511266
706,0.48182693937624743,0.5974404287583739,0.5256943172103983,0.5310193150381232,0.5252093772805759,0.6291008325883228,0.5196206788752636,0.5611302580811863,0.5369240063238018,0.7054469610380224
707,0.48643017111092485,0.597418620125292,0.5243944715509634,0.5324749394467285,0.5224987160743895,0.6309341057466071,0.5178782344353122,0.5622621610381794,0.5357226290442426,0.704430027835426
708,0.4909906943156188,0.5973333476845791,0.5231098248933835,0.533910777492423,0.5197947517020876,0.6326961207894963,0.5161912388966241,0.5633758996365308,0.5345407711473783,0.7033410745579839
709,0.4955004056679036,0.597185138415523,0.5218420495962143,0.5353253223303488,0.5171018808688035,0.6343866041025104,0.51456412853696,0.564470440218888,0.5333797067358399,0.7021802454291565
710,0.5025039427738838,0.5978950706315703,0.5199104730074009,0.5371300677551946,0.5139223207575357,0.6364702626143118,0.5121493357185414,0.5661086103627482,0.5315097311012911,0.6995101011699263
711,0.5068591187611503,0.5975784649967766,0.5186901785233738,0.5384940478363838,0.5112659807895876,0.6379847813642159,0.5107014430428551,0.5671411454766484,0.5303972714573341,0.6981842302843738
712,0.5181113103272689,0.5921141119484586,0.5153461238582528,0.5434737188439229,0.50029409435908,0.6433641678814016,0.5070723741407298,0.56982943066772,0.528264927280956,0.6967747169398857
713,0.5220905330894724,0.5916142143965211,0.5142291147191076,0.5446895165473706,0.4978216837869015,0.644584052743218,0.505905804449068,0.5708072507253138,0.527293424074469,0.6951176089554199
714,0.5259662731407668,0.5910572494908082,0.5131383587759788,0.5458743644902542,0.49539615549828525,0.6457344805251013,0.5048301056224757,0.5717587747928493,0.5263514204997156,0.6933919953262384
715,0.5297325317333584,0.5904443451045511,0.5120748942914422,0.5470272104015371,0.4930220070308259,0.6468161197655867,0.5038489538476617,0.5726833037897086,0.5254395552289988,0.6915983307377404
716,0.5333836726483053,0.5897767180371376,0.5110396754738282,0.5481470548349806,0.490703681261613,0.647829677987692,0.5029658524638136,0.5735801799225952,0.5245583891449497,0.6897371559568024
717,0.5369144434417121,0.5890556787800014,0.5100335710147621,0.5492329517356997,0.48844555158720304,0.6487758875748713,0.5021841166985404,0.5744487856518923,0.5237084050966385,0.687809106114528
718,0.5403199953494486,0.5882826360920256,0.5090573629749916,0.5502840088834319,0.4862519072107648,0.6496554919297196,0.5015068589204252,0.5752885425605583,0.5228900079286921,0.6858149187848299
719,0.5435959017486802,0.5874591013357602,0.5081117460141298,0.5512993882159587,0.4841269386036456,0.6504692320099877,0.5009369744838482,0.5760989101371183,0.5221035247765909,0.6837554418006653
720,0.5480190257391785,0.5851167381691873,0.5067160817812433,0.5530272613534032,0.4803592972850509,0.651923703189824,0.5002572868088462,0.5770494815488272,0.5214629412589072,0.6813252175163149
721,0.5509539196968503,0.5841900112682042,0.505851680932462,0.5539409134383158,0.47843874029231465,0.6525739971303496,0.4999552801537021,0.57779505486731,0.5207665965585354,0.6790977513290685
722,0.5537477873027057,0.5832193459861175,0.5050192962251341,0.5548164243575407,0.47660097553536895,0.6531609023309051,0.4997689165981122,0.5785094365539953,0.5201030041742739,0.6768088505039261
723,0.556398282914947,0.5822067810135733,0.5042192331830714,0.5556532087611064,0.47484954635947446,0.6536850014219845,0.4996999889085952,0.5791922390520919,0.5194721278694273,0.6744599066191779
724,0.5589035539504914,0.5811544740189446,0.5034517125013714,0.5564507347015593,0.47318782222239636,0.6541468104751373,0.49975000915095574,0.579843105995464,0.5188738590369318,0.6720524584806429
725,0.5625867148950947,0.5804706634622024,0.5024484785704291,0.5572858421664024,0.47152851130983003,0.6543195335311528,0.5001585366472603,0.5810443761372732,0.5174686276515618,0.6674814359379738
726,0.5647220098484151,0.5793109668248462,0.5017598973481843,0.5579928793673776,0.47008835152363626,0.6546282628550509,0.5005225023694834,0.5816028803145507,0.5169422394209957,0.6649455084439412
727,0.5667090738546542,0.5781194306605353,0.501104310928111,0.5586591732435016,0.46874776519931155,0.6548757517812924,0.5010083271420729,0.5821285994411798,0.5164472917558196,0.6623580922182426
728,0.5685483390628204,0.5768987436439262,0.5004815708743207,0.5592844196355221,0.46750923814107476,0.6550621201289454,0.501616136103981,0.5826212977216437,0.5159834003722513,0.6597214737362372
729,0.5702407447230281,0.5756517164397585,0.4998914528694753,0.5598683655439401,0.46637502744801024,0.6551873857430841,0.5023457390213777,0.5830807615236882,0.515550121566265,0.6570381032362168
730,0.571787732804183,0.5743812799596416,0.4993336592969166,0.5604108084042293,0.46534715377506725,0.6552514615561238,0.5031966279926414,0.5835067980746169,0.5151469548843892,0.654310595456855
731,0.5731912414949943,0.5730904829222585,0.49880782201343543,0.5609115953106492,0.46442739446921255,0.6552541538591906,0.5041679764065872,0.5838992342271934,0.5147733459076143,0.6515417295465712
732,0.5744536965984649,0.5717824887042444,0.49831350529646007,0.5613706221944523,0.46361727761163374,0.6551951618030083,0.5052586391691981,0.5842579153047921,0.5144286891345304,0.6487344481257137
733,0.5755780008398053,0.570460571473166,0.497850208949261,0.5617878329621548,0.46291807699247406,0.6550740781400247,0.506467154208022,0.5845827040347591,0.5141123309498764,0.6458918554869283
734,0.5765675211175018,0.5691281115983288,0.4974173715477208,0.562163218599434,0.46233080804006604,0.6548903912117259,0.507791745257243,0.5848734795782348,0.5138235726648197,0.6430172149237169
735,0.5774260737369968,0.5677885903394706,0.49701437381219765,0.5624968162459896,0.46185622472197146,0.6546434881771629,0.509230325920183,0.5851301366638825,0.5135616736154682,0.6401139451818542
736,0.5781579076761006,0.5664455838178525,0.4966405420881293,0.5627887082465456,0.461494817430415,0.654332659470846,0.5107805049997598,0.5853525848321729,0.5133258543063807,0.6371856160331362
737,0.5787676859407399,0.5651027562786666,0.49629515191917983,0.5630390211828898,0.46124681185990474,0.6539571044702672,0.5124395930811668,0.5855407477959734,0.5131152995861512,0.63423594297569
738,0.5792604650789772,0.5637638526581509,0.4959774316969828,0.5632479248916178,0.46111216888000695,0.6535159383455216,0.5142046103448417,0.5856945629223098,0.5129291618425097,0.6312687810699332
739,0.5798988619341691,0.5624702229962621,0.4957189972932576,0.5631643179285587,0.4615902048559139,0.6521730482513933,0.517331925177576,0.5862969667997648,0.5120157588826498,0.6258648181388616
740,0.5801182060656646,0.5611292221939935,0.49546395526606496,0.5632816514714698,0.46172016245759356,0.6515616566187329,0.5193579749672099,0.5863538728751865,0.5118801512226598,0.6228912586784726
741,0.5802407968990071,0.5598048440599063,0.4952339173189615,0.5633584504039785,0.46196105620497424,0.6508809470714275,0.521477221893099,0.5863764238672932,0.5117656233429992,0.6199157114373881
742,0.5802731777051032,0.5585011041732268,0.4950279363824244,0.5633950609135339,0.4623117180693794,0.6501297797442934,0.5236854756405558,0.5863646093500383,0.5116712420308971,0.616942558771118
743,0.5802221438401735,0.5572220498213145,0.49484503845891736,0.5633918671890157,0.46277073202117197,0.6493069879381006,0.5259783194054037,0.5863184317621687,0.5115960589432096,0.6139762704451587
744,0.5800947125123725,0.5559717486722485,0.49468422646360105,0.5633492904044575,0.4633364399653384,0.6484113914235785,0.528351124887909,0.586237906812553,0.5115391135908988,0.6110213923826789
745,0.5798980914806491,0.5547542769733933,0.4945444840350004,0.5632677877122677,0.4640069485457439,0.6474418104901268,0.530799068164217,0.5861230640123416,0.5114994362678219,0.6080825347786798
746,0.5796396468188147,0.5535737073234632,0.49442477930386614,0.563147851247881,0.46478013678292734,0.6463970806546929,0.5333171463661863,0.5859739473300118,0.5114760509161544,0.6051643596274202
747,0.5793268698830776,0.5524340960688765,0.49432406860919875,0.5629900071473889,0.46565366450639134,0.6452760679413119,0.5359001950962994,0.5857906159644158,0.5114679779214211,0.6022715677134921
748,0.5789673436259763,0.5513394703781519,0.49424130015113066,0.5627948145793144,0.4666249815386468,0.6440776846372958,0.5385429065004527,0.5855731452300098,0.5114742368307331,0.5994088851202508
749,0.5785687084036881,0.5502938150508168,0.49417541757112365,0.5625628647913083,0.46769133758480125,0.6428009054280567,0.5412398479179313,0.5853216275475549,0.5114938489884964,0.5965810493123838
750,0.5781386274270391,0.5493010591197178,0.494125363450689,0.5622947801721818,0.46884979277826755,0.641444783809129,0.5439854810247828,0.5850361735327381,0.5115258400844832,0.5937927948521802
751,0.5776847520092283,0.5483650623077313,0.4940900827206183,0.561991213329322,0.47009722883024274,0.6400084686710655,0.546774181384117,0.5847169131743547,0.5115692426098121,0.591048838811554
752,0.5772146867652321,0.5474896014016567,0.49406852597346096,0.5616528461811886,0.4714303607279352,0.6384912209505768,0.5496002583145981,0.584363997092943,0.5116230982169981,0.5883538659440416
753,0.5767359549190926,0.5466783566075225,0.49405965267274377,0.5612803890642436,0.4728457489241706,0.6368924302396034,0.5524579749865877,0.5839775978700597,0.5116864599808575,0.5857125136828387
754,0.5762559638758015,0.5459348979526529,0.4940624342531874,0.5608745798533715,0.47433981195897196,0.6352116312429167,0.5553415686540429,0.5835579114377687,0.5117583945576506,0.583129357032448
755,0.5757819712142517,0.5452626718005762,0.4940758571068733,0.5604361830945226,0.47590883945196677,0.6334485199743862,0.5582452709293676,0.5831051585173234,0.5118379842404188,0.5806088934226676
756,0.5753210512567403,0.5446649875452595,0.49409892545105866,0.5599659891480532,0.47754900540310524,0.6316029695822207,0.5611633280079981,0.5826195860955372,0.5119243289090346,0.5781555275944444
757,0.5748800623687833,0.5441450045511692,0.494130664073993,0.5594648133409859,0.4792563817381036,0.6296750456942994,0.5640900207495505,0.5821014689269022,0.5120165478740148,0.5757735565875711
758,0.5744656151405209,0.5437057194053112,0.4941701209557631,0.5589334951261737,0.4810269520343174,0.6276650211761239,0.5670196845228714,0.5815511110491585,0.5121137816136384,0.5734671549002684
759,0.5740840415977961,0.5433499535466947,0.4942163697618174,0.5583728972461695,0.48285662536238183,0.6255733901960027,0.5699467287233381,0.5809688472997435,0.5122151934044021,0.5712403598904087
760,0.5735806861548036,0.5429050070022123,0.4944569580843585,0.557074409656899,0.4859560217350361,0.6214709920165638,0.5747058000236573,0.5806880835369664,0.511778011522564,0.5675861350946068
761,0.5733039309325597,0.542725438880002,0.49451696505172626,0.5564573941908897,0.48790132841566036,0.6191771911076336,0.5776121222062941,0.5800178051266188,0.5118807941995116,0.5656148669119018
762,0.5730797145123353,0.5426372640016658,0.49458112552038735,0.5558142300223141,0.48989100088743043,0.61680568077847,0.580496872110143,0.5793169286731916,0.5119848710142603,0.5637369071296503
763,0.5729127786634328,0.5426424506801878,0.49464864312111245,0.5551458679880654,0.4919208160574784,0.614358114505296,0.5833549945426195,0.5785859398931531,0.5120895412474382,0.5619554358294031
764,0.5728074413956055,0.542742735564486,0.49471875831339224,0.5544532774115932,0.4939865505059608,0.6118364270592298,0.5861816074224859,0.5778253640231835,0.5121941338320227,0.5602734203787066
765,0.5727675761133714,0.5429396149870287,0.4947907500619248,0.5537374452130469,0.496083993434922,0.6092428416914305,0.5889720171576935,0.5770357670936243,0.5122980082979302,0.5586936042400105
766,0.5727965927395336,0.5432343371124014,0.49486393738264334,0.5529993750063052,0.4982089592788308,0.6065798759634181,0.5917217330764498,0.5762177571027058,0.5124005556245974,0.5572184965086135
767,0.5728974209016935,0.5436278949329604,0.49493768075976663,0.5522400861804018,0.5003572999228607,0.6038503461581937,0.5944264808459343,0.5753719850795942,0.5125011990041382,0.555850362231848
768,0.5730724952664292,0.5441210201538982,0.49501138343562107,0.5514606129629478,0.502524916477613,0.6010573702149238,0.597082214818097,0.5744991460247956,0.5125993945177683,0.5545912135581884
769,0.5733237430962767,0.5447141780059794,0.4950844925751892,0.5506620034632637,0.5047077705618553,0.5982043691374912,0.5996851292473163,0.5735999797170527,0.5126946317282994,0.5534428017612169
770,0.57365257409466,0.5454075630199056,0.49515650030754527,0.5498453186930874,0.506901895047987,0.5952950668350938,0.6022316683303026,0.5726752713765154,0.5127864341915537,0.5524066101793574
771,0.5746392568813588,0.5458966929034877,0.49557149130773576,0.5472303430071106,0.5117664143484235,0.5874819943173413,0.6078712526472573,0.5722429492146364,0.5120423905102832,0.5507331619041851
772,0.5752041064975563,0.5468007511039561,0.49564607045287346,0.5463933937955134,0.5139464373588983,0.5844333737653613,0.6102509278497966,0.5712245278201429,0.5121080563431046,0.5501296240363165
773,0.5758471833003956,0.547803425413689,0.4957186762821217,0.5455426070745011,0.5161228022804654,0.5813471465208675,0.6125621250916954,0.5701835672573718,0.5121684003464023,0.5496418894393732
774,0.5765672460984733,0.5489037018623237,0.49578900780927887,0.5446790769142564,0.5182920884078521,0.5782284998028997,0.6148026047171311,0.5691210870760615,0.5122231505207653,0.5492698529986071
775,0.579950476420641,0.549469839566906,0.4966285256968022,0.5400260110587066,0.5257116643977174,0.5649153018065846,0.6224716922112011,0.5688616764544426,0.5109088879915928,0.5500826998439678
776,0.580957657437116,0.5507753073936287,0.4967117473760599,0.5391780745159358,0.5277715040262574,0.561745769846479,0.6244585576824799,0.5676750926563575,0.510910022279921,0.5503434870271735
777,0.5835307326434518,0.5591575944225771,0.49632267015298037,0.5386016263229849,0.5328112324699562,0.5560757856442806,0.6285274791224144,0.5609327685364982,0.5121672406221478,0.5498753943081041
778,0.5847598252613551,0.5609686045849271,0.49636883376394775,0.5376736171174528,0.5348170574153083,0.5529127142960883,0.6301493159316841,0.5597400474014734,0.5121728232383962,0.550392612835384
779,0.5860322641749405,0.5628566263873896,0.49641202995897377,0.5367426982827632,0.5367911655012795,0.5497740237869351,0.6316929547929201,0.5585373336832984,0.5121721399308481,0.551011391140038
780,0.5873421022096526,0.5648181291874909,0.49645244180552006,0.5358099641743042,0.5387314894861253,0.546666852795153,0.6331589302795771,0.5573260960131554,0.5121652624785938,0.5517288877122839
781,0.5886830332562754,0.566849377083939,0.4964902993219034,0.5348765021272012,0.5406361069440947,0.5435984246185647,0.6345480144809821,0.5561078370906178,0.5121522955168767,0.5525420257246388
782,0.5900484204298655,0.5689464410177678,0.4965258787959743,0.5339433910654228,0.5425032388855506,0.5405760224180499,0.6358612054224106,0.5548840910922509,0.5121333760610548,0.5534475036588986
783,0.5914313258406031,0.5711052116214781,0.49655950201657445,0.5330117001007787,0.5443312477199557,0.5376069636154819,0.6370997145000036,0.5536564209040038,0.512108672985313,0.5544418067430351
784,0.5928245418454345,0.573321412760257,0.49659153541882317,0.532082487124994,0.5461186345913277,0.5346985735580786,0.6382649530006062,0.5524264151867359,0.5120783864563964,0.5555212191475415
785,0.5942206236423065,0.5755906157058419,0.49662238914416157,0.5311567973983022,0.5478640361189541,0.531858158566345,0.6393585177811753,0.5511956852851757,0.5120427473225229,0.5566818368872214
786,0.595611923062322,0.5779082538803553,0.49665251601597277,0.530235662138226,0.549566220579116,0.5290929784872913,0.6403821761865293,0.5499658619914907,0.5120020164575202,0.5579195813711302
787,0.596990623409387,0.5802696381045482,0.49668241043150607,0.5293200971124445,0.5512240835663214,0.5264102188785876,0.6413378502879886,0.5487385921754978,0.5119564840601527,0.559230213540415
788,0.5983487751918277,0.5826699722822977,0.49671260717075105,0.528411101239821,0.5528366431750062,0.5238169629525902,0.6422276005287189,0.5475155352942748,0.5119064689085003,0.560609348531104
789,0.5996783325861061,0.5851043694510047,0.49674368012286296,0.5275096552038506,0.5544030347449068,0.5213201634118678,0.6430536088644916,0.5462983597946612,0.5118523175692313,0.5620524707965655
790,0.6009711904691738,0.5875678681256764,0.49677624093071077,0.5266167200829242,0.5559225052152321,0.5189266143098354,0.6438181614909271,0.5450887394227167,0.5117944035615304,0.5635549496223146
791,0.6022192218531467,0.5900554488629914,0.49681093755410516,0.5257332360019212,0.5573944071344473,0.5166429230714394,0.6445236312502398,0.5438883494547783,0.5117331264754592,0.5651120549641868
792,0.6034143155539378,0.592562050970554,0.4968484527522964,0.5248601208097442,0.55881819237383,0.5144754828094592,0.6451724598118929,0.5426988628651788,0.5116689110444979,0.5667189735395435
793,0.6045484139242263,0.5950825892858417,0.49688950248636965,0.5239982687874615,0.5601934055940626,0.5124304450719394,0.645767139722549,0.541521946446101,0.5116022061720541,0.568370825100239
794,0.6056135504806739,0.5976119709490195,0.4969348342422412,0.5231485493917587,0.5615196775148585,0.5105136931554869,0.6463101964210952,0.5403592568952806,0.5115334839117509,0.5700626788154262
795,0.6066018872556219,0.6001451120938888,0.4969852252750624,0.5223118060384121,0.5627967180381274,0.5087308161177309,0.6468041703144884,0.5392124368875196,0.5114632384013754,0.5717895696920686
796,0.6075057517046561,0.602676954381703,0.4970414807759607,0.5214888549304498,0.5640243092753043,0.5070870836200583,0.6472515990095777,0.5380831111460361,0.5113919847504358,0.573546514961114
797,0.6083176730033457,0.6052024813034617,0.4971044319622082,0.520680483935638,0.5652022985293533,0.5055874217289272,0.6476549997950103,0.5369728825297272,0.5113202578813816,0.5753285303577816
798,0.6090304175691849,0.6077167341775442,0.4971749340920828,0.5198874515178127,0.5663305912814911,0.504236389800521,0.6480168524657733,0.5358833281523451,0.5112486113246528,0.5771306462252526
799,0.6096370236482337,0.6102148277711785,0.4972538644058924,0.519110485726474,0.567409144231927,0.5030381585693392,0.6483395825808728,0.5348159955494146,0.511177615967847,0.5789479233722225
800,0.6101308348102353,0.6126919654762678,0.49734211999487415,0.5183502832489231,0.5684379584428918,0.5019964895565091,0.6486255452421605,0.5337723989085091,0.5111078587594613,0.580775468616354
801,0.6105055322009103,0.6151434539724477,0.4974406155999167,0.5176075085290173,0.569417072630887,0.5011147159081623,0.6488770094793459,0.5327540153781386,0.5110399413678088,0.5826084499474918
802,0.6107551654058775,0.6175647173129953,0.4975502813423388,0.5168827929564457,0.5703465566534945,0.5003957247681915,0.6490961433228266,0.5317622814701141,0.5109744787958991,0.5844421112467488
803,0.6108741817869566,0.6199513103722476,0.49767206038924705,0.5161767341301787,0.571226505234229,0.4998419412831178,0.649284999642133,0.5307985895697633,0.5109120979532603,0.5862717865000583
804,0.6108574541586926,0.6222989315965736,0.4978069065563065,0.5154898951994965,0.5720570319667899,0.49945531432967083,0.6494455028235733,0.5298642845677868,0.5108534361858729,0.5880929134476113
805,0.6107003066805229,0.6246034350046151,0.49795578185107825,0.5148228042857199,0.5728382636377259,0.4992373040480633,0.6495794363560267,0.5289606606269264,0.5107991397656118,0.5899010466136974
806,0.6103985388482641,0.6268608413864645,0.49811965396041846,0.514175953987468,0.5735703349039468,0.49918887125586,0.6496884313888917,0.5280889580958914,0.5107498623407853,0.5916918696648215
807,0.6099484474773473,0.6290673486556678,0.49829949368578186,0.513549800971949,0.5742533833587455,0.4993104688088446,0.6497739563209038,0.5272503605822338,0.5107062633496132,0.5934612070476003
808,0.6093468465794605,0.6312193413123773,0.49849627233061505,0.5129447656544414,0.5748875450170128,0.4996020349663988,0.6498373074729248,0.5264459921950166,0.5106690063986866,0.5952050348617576
809,0.6085910850439901,0.6333133989806387,0.49871095904439017,0.5123612319677765,0.5754729502471998,0.5000629888097041,0.6498796008919806,0.5256769149672468,0.5106387576086936,0.5969194909275933
810,0.6076790620457594,0.6353463039876618,0.498944518128189,0.5117995472232699,0.5760097201743077,0.5006922277515755,0.6499017653277122,0.524944126467122,0.5106161839299335,0.5986008840115538
811,0.6066092401109948,0.6373150479578864,0.49919790630708566,0.5112600220641504,0.5764979635747395,0.5014881271669843,0.6499045364160907,0.524248557606143,0.5106019514303416,0.6002457021778708
812,0.6053806557842654,0.6392168373998333,0.4994720699749444,0.5107429305121653,0.5769377742803623,0.5024485421634142,0.6498884520988182,0.5235910706511648,0.5105967235590043,0.6018506202388263
813,0.6039929278501147,0.6410490982689372,0.4997679424175751,0.5102485101076405,0.5773292291054978,0.5035708115001086,0.6498538493001842,0.5229724574464151,0.5106011593883404,0.6034125062807987
814,0.6024462630743526,0.6428094794948918,0.5000864410205245,0.5097769621428704,0.5776723863068965,0.5048517636551152,0.6498008618764803,0.5223934378504413,0.5106159118383438,0.6049284272480022
815,0.5972576998465136,0.65063974570607,0.4999746476486401,0.509878451491224,0.5769638511669932,0.5100131340379935,0.6479030918680518,0.5201624073729545,0.5112067766178034,0.6053021993681452
816,0.5951588912749064,0.6521241398403741,0.5003134887585506,0.5094411780521608,0.5771742008523024,0.5117647433894795,0.6477669910889102,0.5198110677299841,0.5113170807425507,0.6066215599852651
817,0.59290989828805,0.6535263645276741,0.500678706070418,0.5090277278529964,0.5773359077527063,0.5136557057962582,0.6476116817426683,0.5195017248167225,0.5114406463172702,0.6078868763424395
818,0.5905141792272217,0.6548454262957797,0.5010711517910039,0.5086381552017276,0.5774489484013952,0.5156803412685691,0.6474360863714086,0.5192345607182887,0.5115780041951179,0.6090963138529154
819,0.5879757558051288,0.6560805627693428,0.5014916444216063,0.5082724815185391,0.5775132844678206,0.5178325464892809,0.6472389412952068,0.5190096807379815,0.5117296672110949,0.6102482383206965
820,0.5852992001982562,0.6572312381152531,0.5019409659539448,0.5079306961275241,0.5775288647603644,0.5201058156548384,0.6470188045283303,0.5188271137823911,0.5118961284592244,0.6113412146974145
821,0.5824896198239936,0.6582971375256848,0.5024198591115665,0.5076127571270654,0.5774956277075669,0.5224932630636064,0.6467740648165021,0.5186868129553324,0.5120778595890773,0.6123740049818436
822,0.579552639873545,0.6592781607781316,0.5029290246454539,0.5073185923356281,0.5774135042963588,0.5249876473602813,0.646502951745655,0.5185886563547142,0.5122753091261392,0.6133455652867462
823,0.5764943836816159,0.6601744149163635,0.5034691186925916,0.5070481003094178,0.5772824214426541,0.5275813973369584,0.6462035468670909,0.518532448065637,0.5124889008205521,0.6142550421017228
824,0.5733214510234161,0.6609862061005322,0.5040407502062705,0.5068011514280728,0.5771023057667538,0.5302666391838251,0.6458737957786977,0.5185179193422379,0.512719032028786,0.6151017677844868
825,0.5700408944386213,0.6617140306787069,0.5046444784668669,0.5065775890442809,0.5768730877432411,0.5330352250753055,0.6455115210969615,0.5185447299700667,0.5129660721327811,0.6158852553165722
826,0.5666601936905427,0.6623585655358911,0.5052808106817779,0.506377230692982,0.5765947061925512,0.5358787629709241,0.6451144362499852,0.5186124698001428,0.5132303610010889,0.6166051923628427
827,0.5631872284768047,0.6629206577799764,0.505950199683069,0.5061998693555979,0.5762671130790479,0.538788647504121,0.6446801600174941,0.5187206604452361,0.51351220749649,0.6172614346772738
828,0.5596302495153266,0.6634013138272372,0.5066530417312252,0.5060452747745389,0.5758902785783678,0.541756091826869,0.6442062317400852,0.5188687571284134,0.5138118880345067,0.6178539989003794
829,0.5559978481362682,0.6638016879527024,0.5073896744331924,0.5059131948130824,0.5754641963749345,0.5447721602731481,0.6436901271165624,0.5190561506734326,0.5141296451971437,0.6183830547962328
830,0.552298924516846,0.6641230703731668,0.5081603747826356,0.5058033568555876,0.5749888891489625,0.5478278017002449,0.6431292745053155,0.5192821696262095,0.5144656864060866,0.6188489169794045
831,0.5468149250550995,0.6635311501120541,0.5100067874844062,0.5053983894201942,0.5748365912979111,0.5522875332787369,0.6427086391097031,0.5196128208449062,0.5147306402790954,0.6203044960593784
832,0.5429889599704494,0.6636659858010697,0.5108884356433935,0.5053557044945972,0.5742284132689889,0.5554121084686368,0.6420207475383078,0.5199046066363013,0.5150926165952886,0.6206153417767608
833,0.5391293128094484,0.6637273094300212,0.511804464352308,0.5053339738312141,0.5735713245331353,0.5585434696244219,0.6412791317848513,0.5202324331290094,0.5154733496991244,0.6208648206783535
834,0.5352458475051763,0.6637168109242522,0.5127548318646608,0.5053328383226576,0.5728655371625491,0.5616724547576171,0.6404812671500184,0.5205954125690802,0.5158728928095211,0.6210538255389482
835,0.5313485451143278,0.6636362446039887,0.5137394278463643,0.5053519268393755,0.5721113250638287,0.5647899773159301,0.6396246742755057,0.520992607863216,0.5162912578400636,0.6211833435740868
836,0.5274474668913828,0.6634874162390169,0.514758072429574,0.505390857785078,0.5713090297421237,0.5678870603616003,0.6387069363647674,0.5214230352255561,0.5167284145291167,0.6212544459784417
837,0.523552717157677,0.6632721701860047,0.5158105154348283,0.5054492406523687,0.5704590659167451,0.5709548703024963,0.6377257162425677,0.5218856668742845,0.5171842896564619,0.621268277368775
838,0.5196744061264622,0.6629923766798265,0.5168964357653408,0.505526677573606,0.5695619269445131,0.5739847500282947,0.6366787731638418,0.5223794337672596,0.5176587663491959,0.6212260451904751
839,0.515822612844358,0.6626499193488864,0.5180154409766871,0.5056227648621954,0.5686181900082083,0.576968251306775,0.6355639792838178,0.522903228366201,0.5181516834794054,0.6211290091461062
840,0.5080166172957081,0.6634027165977162,0.5186809174936546,0.5063171009706106,0.5650604866964093,0.5829781620209803,0.6323591037343577,0.5246084178988772,0.5199771042082848,0.6192140487233545
841,0.5043109784935721,0.6628826618629565,0.5198468845767936,0.5064462055849803,0.5640030541775295,0.5857672409485396,0.6310419217854886,0.5252654949219885,0.5205649991825868,0.6189569780148481
842,0.500671635602188,0.6623079693492888,0.5210442286562138,0.5065927381984424,0.5629027858621795,0.5884803810867191,0.629648587653345,0.525947185787594,0.5211700182289762,0.6186503863099717
843,0.49710796971673765,0.6616805152413674,0.5222722467004136,0.506756309513925,0.5617607540063271,0.5911106264137818,0.6281776879692557,0.5266521742681802,0.5217917390424334,0.6182955558056958
844,0.49362911821092714,0.6610021208511799,0.5235301643388837,0.5069365326500888,0.5605781347282827,0.5936513966372865,0.6266280162035942,0.5273791235226507,0.5224296938738897,0.6178937605384479
845,0.49024394279477446,0.6602745429726686,0.524817136607596,0.5071330244767435,0.5593562104116272,0.5960965107352181,0.6249985847286935,0.5281266788463996,0.523083369653095,0.6174462579558342
846,0.4869609988647812,0.6594994649359619,0.5261322488762374,0.5073454069122205,0.5580963716222117,0.5984402087867708,0.6232886359121126,0.5288934703777592,0.5237522082116701,0.6169542809240335
847,0.4837885062686758,0.6586784884061336,0.5274745179546281,0.5075733081800126,0.5568001185165805,0.6006771720002492,0.6214976521837003,0.5296781157556679,0.524435606606241,0.6164190302096196
848,0.480734321599618,0.6578131259669808,0.5288428933750946,0.5078163640223199,0.555469061722226,0.6028025408539668,0.619625365025251,0.530479222724199,0.5251329175412889,0.6158416674714673
849,0.47780591212696283,0.656904794525698,0.5302362588468444,0.5080742188684003,0.5541049226731533,0.604811931274817,0.6176717628371712,0.5312953916803463,0.5258434498910898,0.6152233087951242
850,0.4750103314624468,0.6559548095694979,0.5316534338777473,0.508346526955929,0.5527095333874785,0.6067014487882992,0.6156370976423617,0.5321252181622458,0.5265664693198548,0.6145650187985937
851,0.47235419705202697,0.6549643803002799,0.533093175558242,0.50863295340384,0.5512848356770632,0.6084677005832311,0.6135218905935179,0.532967295275776,0.5273011989989221,0.613867805334932
852,0.4698436695746056,0.6539346056683722,0.5345541805015005,0.5089331752354332,0.5498328797825613,0.6101078054440298,0.6113269362561802,0.5338202160582514,0.5280468204196356,0.6131326148134174
853,0.4674844343195544,0.6528664713211938,0.5360350869333464,0.5092468823507699,0.548355822430627,0.6116194015133232,0.6090533056461108,0.5346825757786404,0.5288024743002788,0.6123603281572917
854,0.4652816846053895,0.6517608474774603,0.5375344769248855,0.5095737784476706,0.5468559243134651,0.6130006518576647,0.6067023480058928,0.5355529741744709,0.5295672615852358,0.6115517574122886
855,0.4632401072921531,0.6506184877322625,0.5390508787602639,0.5099135818908724,0.5453355469943045,0.6142502478192413,0.6042756913120098,0.5364300176262571,0.530340244534325,0.6107076430163113
856,0.46136387043009264,0.6494400287930961,0.5405827694314835,0.5102660265291382,0.5437971492457698,0.6153674101466431,0.6017752415100548,0.5373123212709323,0.5311204479000571,0.6098286517367612
857,0.4596566130771629,0.6482259911416348,0.5421285772517576,0.5106308624603416,0.5422432828314656,0.6163518879079048,0.5992031804820479,0.538198511056367,0.5319068601903758,0.6089153752781471
858,0.45812143730772226,0.6469767806108535,0.5436866845784762,0.5110078567447467,0.5406765877443777,0.6172039551991727,0.596561962756162,0.5390872257396075,0.5326984350142656,0.6079683295587784
859,0.4567609024246453,0.6456926908619613,0.5452554306365123,0.5113967940668954,0.5390997869188913,0.6179244056723356,0.5938543109753401,0.5399771188319767,0.5334940925074559,0.6069879546515261
860,0.45557702137692796,0.6443739067406006,0.5468331144322737,0.5117974773466764,0.5375156804363326,0.6185145449148566,0.5910832101473954,0.5408668604946036,0.5342927208352792,0.6059746153799167
861,0.45457125937484105,0.6430205084868537,0.5484179977486632,0.5122097283002918,0.5359271392469083,0.6189761807246731,0.5882519007050913,0.5417551393883511,0.5350931777696402,0.6049286025571599
862,0.45374453468473325,0.641632476768886,0.5500083082108922,0.5126333879519528,0.5343370984337745,0.6193116113324879,0.5853638704104648,0.5426406644823973,0.5358942923368851,0.6038501348521577
863,0.4530972215758867,0.6402096985055036,0.5516022424129651,0.5130683170972431,0.5327485500476584,0.619523611632902,0.5824228451431894,0.5435221668260112,0.5366948665332997,0.6027393612631358
864,0.4526291553822722,0.6387519734385588,0.5531979690945241,0.5135143967191356,0.5311645355429554,0.619615417494624,0.5794327786180512,0.5443984012881872,0.5374936771048189,0.6015963641762033
865,0.452339639632835,0.6372590214120307,0.5547936323577395,0.5139715283577235,0.5295881378486087,0.6195907082284556,0.5763978410816621,0.5452681482699612,0.5382894773874962,0.6004211629830624
866,0.45222745519497853,0.6357304903107592,0.556387354913916,0.514439634434716,0.5280224731091694,0.6194535872997421,0.5733224070432498,0.5461302153942104,0.539080999205167,0.5992137182290806
867,0.4522908713673445,0.6341659646082181,0.5579772413495712,0.5149186585337563,0.5264706821334124,0.6192085613795424,0.5702110420987945,0.5469834391777213,0.539866954820712,0.59797393626019
868,0.4525276588497857,0.6325649744694273,0.5595613814018626,0.5154085656375953,0.5249359215895846,0.6188605178358846,0.5670684889118653,0.5478266866901792,0.540646038937267,0.5967016743344842
869,0.4529351045106566,0.6309270053521202,0.5611378532334167,0.5159093423230815,0.5234213549878387,0.6184147007729928,0.5638996524182356,0.5486588572045271,0.5414169307456912,0.5953967461620229
870,0.4535100278642515,0.6292515080466036,0.5627047266968396,0.5164209969148604,0.5219301434916876,0.6178766857324168,0.5607095843247122,0.549478883842879,0.542178296014578,0.5940589278342026
871,0.45455064875010287,0.6259279262811799,0.5663557388288565,0.5168931040642688,0.5206004872084512,0.6166054351676327,0.5556955350529635,0.5502214639841306,0.5425955054350957,0.5925836863364325
872,0.4555224074683487,0.6241439447493513,0.5679064875113808,0.5174326471811006,0.5191545777256916,0.6158559963860892,0.5524891706948736,0.550991709231284,0.5433110539962688,0.5911702351660649
873,0.4566469574598785,0.6223199768183457,0.5694404206525552,0.5179830834547331,0.5177425194155586,0.615035852702896,0.5492816070234373,0.5517467365265313,0.5440125124492777,0.5897233164571573
874,0.45791926858191667,0.6204554514759735,0.5709556051408708,0.5185445112714753,0.5163673956442448,0.6141517618449339,0.5460783001259666,0.5524856780713765,0.5446985230875603,0.5882426328303362
875,0.4593339603077834,0.6185498264633553,0.5724501176848004,0.5191170510174892,0.5150322373725655,0.6132106561439512,0.5428847545669466,0.5532077092171437,0.5453677267809959,0.5867278843630711
876,0.4608853267297278,0.6166025996221869,0.573922047770697,0.5197008449916458,0.5137400137437742,0.6122196115259555,0.5397065054016317,0.5539120501348563,0.5460187652552199,0.5851787759135003
877,0.46256736243936597,0.6146133201694866,0.5753695005463528,0.5202960572805571,0.5124936228242775,0.6111858161460134,0.5365491000883106,0.5545979674932566,0.5466502833854248,0.5835950245133241
878,0.46437378915895733,0.6125815998318855,0.5767905996244124,0.5209028735952971,0.5112958825405246,0.610116538808979,0.5334180803806934,0.555264776144084,0.5472609315009246,0.5819763667832201
879,0.4683354296897499,0.6084090013477381,0.5795353828395756,0.5221420859617341,0.5090646943697869,0.6078990534761631,0.5272347330007007,0.556558930305994,0.5484232344846467,0.5786124352505316
880,0.47047523135052666,0.6062488065813478,0.5808665156564692,0.522784974090009,0.5080285614521625,0.6067675847889937,0.5242157454811307,0.557164714246376,0.5489633247245065,0.5768873261851306
881,0.4727121261070704,0.6040454581743521,0.582164034561742,0.5234404285975811,0.5070513513715408,0.6056298712749147,0.5212449285915696,0.5577491428320032,0.5494772383161843,0.5751265973019739
882,0.47503888800842176,0.6017990360971586,0.5834261942426453,0.5241087392893171,0.5061353554998325,0.6044931132239916,0.5183275290390246,0.5583117973879557,0.5499636875506714,0.5733301936144073
883,0.47744818657424754,0.5995097430285892,0.584651282751133,0.5247902157367461,0.5052827371344814,0.6033644054292455,0.5154686831054582,0.5588523175688591,0.5504214040357371,0.5714981221572576
884,0.47993261506342816,0.5971779127268533,0.5858376236389132,0.525485186813145,0.504495524899667,0.6022507079586585,0.5126734005801669,0.5593704030027331,0.5508491409761613,0.5696304582985877
885,0.48362242276825473,0.5929602248052439,0.5889158655869859,0.5260621914748572,0.5039568734674233,0.6002047088489595,0.5084164211489511,0.559760178815482,0.5506534073247208,0.5671536837722979
886,0.48625789170653455,0.5905133245370731,0.5900101828099901,0.5267888465047281,0.5033061585541992,0.599154441405879,0.5058332609744312,0.5602116260891242,0.5509887181677543,0.5652054070037017
887,0.48894223349520466,0.5880259961964753,0.5910598509654618,0.5275300904774322,0.5027268702134291,0.598142138257377,0.5033308361275778,0.56064057352307,0.5512900930612075,0.5632228673117543
888,0.49166804845703144,0.5854992716783005,0.5920633778429015,0.5282863227620594,0.5022204279731904,0.597173846190114,0.5009133181530759,0.5610470415716496,0.5515564203781133,0.561206512654432
889,0.4944280080803302,0.5829343503402262,0.5930193168541449,0.5290579587114034,0.5017880893009918,0.5962553344699538,0.4985846745081883,0.561431118952971,0.5517866223214317,0.5591568845115663
890,0.5003445719662846,0.5788382261559248,0.5920310259724727,0.531772571662308,0.5005457947437548,0.5954787469088982,0.4944276186767975,0.562728491275971,0.5537564632543037,0.5543708746457179
891,0.5031720929260903,0.576188586966048,0.5928146346930826,0.5326027771909144,0.5004130040497279,0.5947443805070843,0.4923131912189204,0.5630616941416992,0.5538935252396567,0.5522098759391626
892,0.5060058697944365,0.5735074932031137,0.5935459689442747,0.5334506311546673,0.5003569677820182,0.594079366050476,0.490300279397122,0.563372430585023,0.5539900776663529,0.5500178632554767
893,0.5088392545683772,0.57079695774686,0.5942238286444785,0.5343166332657382,0.5003779697389229,0.5934877367942516,0.4883918673291815,0.5636610813570794,0.5540452204288547,0.5477959148690964
894,0.5116658009060925,0.5680591636340108,0.5948470667767247,0.5352012926775259,0.5004761239075892,0.5929731429247171,0.486590682792588,0.5639281014341218,0.5540580989745656,0.5455452221439312
895,0.5144792815903907,0.5652964622902356,0.5954145904496568,0.5361051266540545,0.5006513752450442,0.592538839922621,0.48489919147216054,0.5641740206204177,0.5540279061501834,0.5432670898216265
896,0.5185152037362665,0.560681963622572,0.597506584882732,0.5368521384789554,0.5011122935239,0.5915892412537438,0.4825577084343054,0.5642841269163443,0.5530749802623381,0.5399271329496541
897,0.5227756071256664,0.5568554447015809,0.596786375008787,0.5389421158960033,0.5016391671373537,0.5917438864841524,0.4805236670645591,0.5647768539723105,0.5536644677636453,0.5363152592303669
898,0.525479358205305,0.5540197767992563,0.5971210810787518,0.5399278657129,0.502119291607445,0.5916549278913815,0.4792899689345719,0.5649453916467176,0.5534548391966425,0.5339429774975145
899,0.5281427134444229,0.5511733812562942,0.597395448206101,0.5409354403759665,0.5026737874181886,0.5916563553447672,0.4781742079113397,0.5650966286034012,0.5531988811365602,0.5315514288067396
900,0.530761045687514,0.5483195337417054,0.5976087274822294,0.5419653733760367,0.5033016328803697,0.5917489151916886,0.4771772149813748,0.5652315455160538,0.5528961063622468,0.5291425696537668
901,0.5333300279496842,0.5454616411640926,0.5977602301408906,0.5430181945697539,0.5040016582691851,0.59193292952744,0.47629954776781935,0.5653511965896523,0.5525460863128294,0.5267184555015522
902,0.535845638857771,0.542603233094431,0.5978493282896945,0.5440944281401868,0.5047725508082749,0.5922082993790786,0.47554149291339165,0.5654567084530239,0.552148452430382,0.5242812364701744
903,0.5383041665506424,0.5397479524653855,0.5978754556264034,0.5451945904696811,0.5056128600695644,0.5925745096702539,0.47490306939685106,0.5655492787866294,0.5517028974277246,0.521833152512956
904,0.5407022110557327,0.5368995455886636,0.5978381081453628,0.5463191879269031,0.5065210037578519,0.593030635924258,0.47438403274987584,0.5656301746766913,0.5512091764787744,0.5193765281016676
905,0.543036685166099,0.5340618515353204,0.5977368448391229,0.5474687145706616,0.5074952738475537,0.5935753526551383,0.47398388013748904,0.5657007306878516,0.5506671083289343,0.5169137664460639
906,0.545304813849263,0.5312387909271046,0.5975712883999736,0.548643649773704,0.5085338430376868,0.5942069433896192,0.47370185626162886,0.5657623466476733,0.5500765763230235,0.5144473432752179
907,0.5486841035743832,0.5272324211356628,0.5958997638665263,0.5512050120737277,0.5106107239565656,0.5957397076894706,0.47326517815166796,0.5659586902815843,0.5499461143007065,0.5108993753033827
908,0.5507802049288666,0.5244732357452111,0.5955641348697972,0.552453266332695,0.5118297770167639,0.5965729846827834,0.47323288604519603,0.5660046077313186,0.5492388514484733,0.5084241412317262
909,0.5528027511295692,0.5217427729957959,0.5951636767139996,0.5537287413624495,0.5131048591526487,0.5974839544689479,0.47331480383072844,0.5660461847713292,0.5484828939380215,0.5059539536329173
910,0.5547503184146795,0.5190451305389666,0.5946983141472316,0.5550318251219232,0.5144336598695364,0.5984692937939714,0.47350920375180866,0.5660850501882962,0.5476784114181831,0.5034915610672134
911,0.5566217681423311,0.5163844170761214,0.5941680403231632,0.5563628757383844,0.5158137920321028,0.5995253707788277,0.4738141475298423,0.5661228817107565,0.5468256421833575,0.5010397457627213
912,0.5584162378653234,0.513764738847502,0.5935729176122923,0.557722218679675,0.5172427995398633,0.6006482637544965,0.4742274962996877,0.5661614019749204,0.5459248936504968,0.4986013151906886
913,0.5601331313600876,0.5111901859678143,0.5929130784300736,0.5591101438937743,0.5187181650338953,0.6018337811084082,0.474746920997234,0.5662023741971519,0.544976542739318,0.496179093456657
914,0.5626344533737022,0.5074685787326982,0.5905406983414708,0.562020143282731,0.5216641161603099,0.6041065869467884,0.47535796071092556,0.5663355615622382,0.5443133166199438,0.492908158316863
915,0.5641604084397678,0.5050353152323118,0.5897134140220895,0.563489286238694,0.5232657290369946,0.6054205877292524,0.4760938867528864,0.5663873243163854,0.5432495488819825,0.49052538345811353
916,0.5656086951170743,0.502660965673269,0.5888227538860952,0.5649880298188085,0.5249033672728061,0.6067804465383486,0.47692731028629837,0.5664471215906954,0.5421396339100477,0.48816833984805513
917,0.5669797599973485,0.5003493382213555,0.5878691869937028,0.5665164716765128,0.5265743185778532,0.608181019711088,0.47785523467404045,0.5665168135005322,0.5409842478546355,0.48583985740211405
918,0.5682742464400087,0.4981041497849981,0.5868532580274648,0.5680746569574634,0.5282758538315051,0.60961701756415,0.47887453202834696,0.5665982736639356,0.5397841367875862,0.4835427349758652
919,0.5694929798139355,0.4959290130500539,0.5857755882077285,0.5696625754309801,0.5300052341122647,0.6110830282745997,0.4799819550586569,0.5666933833064153,0.5385401164649315,0.48127973136678637
920,0.5706369523307228,0.4938274238209528,0.584636876205661,0.571280158677383,0.5317597175023838,0.6125735419690993,0.4811741489516521,0.5668040251555329,0.5372530719836709,0.4790535564285249
921,0.5717073075604536,0.49180274872427715,0.5834378990489691,0.572927277345174,0.5335365656414546,0.6140829749131759,0.4824476632287596,0.5669320771434994,0.5359239573315832,0.4768668623361491
922,0.5727053247208562,0.48985821332887286,0.5821795130148515,0.5746037384923466,0.5353330500052736,0.61560569369329,0.4837989635280187,0.567079405937647,0.5345537948293928,0.4747222350397636
923,0.5753616666986688,0.4842169523877733,0.5732860196664689,0.5827309116576739,0.5444645826532203,0.6214022098701321,0.4863864793142006,0.5676461624120961,0.5335562701063786,0.4705819497675273
924,0.5760999485905909,0.48267319507575257,0.5717875224458592,0.5845630338824905,0.5463514799394174,0.622873657003944,0.48789341942250797,0.5678543352870992,0.5320211248085666,0.46856036817025337
925,0.5767738771039878,0.4812215612044694,0.5702368272115158,0.5864240579263396,0.5482403578127514,0.6243293040206124,0.4894639450931126,0.5680871279869611,0.5304489733684603,0.46659174216902405
926,0.5773851928137115,0.47986406213128624,0.5686353475433197,0.588313347484902,0.5501287195060881,0.6257637397610061,0.4910943310385101,0.5683461396351336,0.5288411709443548,0.4646782807693529
927,0.5779356648926884,0.4786025047843367,0.5669845839989335,0.5902301814067668,0.5520141218447192,0.6271716685834532,0.49278083064122974,0.5686329187612015,0.5271991359187778,0.46282207552244037
928,0.5784270766451821,0.47743848533667715,0.5652861245186762,0.5921737520911349,0.5538941782271649,0.6285479307905891,0.49451968570916965,0.5689489567352549,0.5255243487187536,0.46102509398424263
929,0.578861211541193,0.4763733836327268,0.5635416447295758,0.5941431641235716,0.5557665611973894,0.6298875221935267,0.49630713583426317,0.5692956812446978,0.5238183505318892,0.45928917363610616
930,0.5792398398179672,0.47540835838717366,0.5617529081393302,0.5961374331645465,0.5576290046115907,0.6311856127419456,0.49813942732708366,0.5696744498424183,0.5220827419189118,0.45761601628806237
931,0.5795647057101012,0.47454434317274324,0.5599217662108112,0.5981554851048207,0.5594793054051824,0.6324375641540416,0.500012821703289,0.5700865435957242,0.5203191813235416,0.45600718298336446
932,0.5798375153650898,0.4737820432094256,0.5580501583077526,0.6001961555010176,0.5613153249680128,0.6336389464859241,0.5019236037011786,0.5705331608658082,0.5185293834808563,0.45446408942029215
933,0.5800599254962372,0.4731219329639117,0.5561401115022897,0.6022581893038338,0.5631349901381685,0.6347855535858484,0.5038680888130106,0.5710154112477026,0.5167151177255638,0.45298800190464766
934,0.5802335328197725,0.4725642545641463,0.5541937402351289,0.6043402408904339,0.5649362938269357,0.6358734173846282,0.5058426303161427,0.571534309700732,0.5148782062018903,0.4515800338437413
935,0.5803598643177492,0.4721090170300816,0.5522132458192842,0.6064408744114951,0.5667172952895614,0.6368988209796488,0.507843625793444,0.5720907708993489,0.5130205219770517,0.4502411427900422
936,0.5804403683629314,0.4717559963179194,0.5502009157785431,0.6085585644622782,0.5684761200584515,0.6378583104760795,0.5098675231357894,0.5726856038339608,0.5111439870605684,0.4489721280400434
937,0.5804764067363783,0.47150473617138533,0.5481591230121028,0.6106916970858454,0.5702109595572299,0.6387487055551073,0.5119108260227576,0.5733195066909137,0.5092505703319413,0.44777362879127836
938,0.5804692475629052,0.47135454976993146,0.546090324777167,0.6128385711152747,0.5719200704157874,0.6395671087452831,0.5139700988809062,0.5739930620401863,0.5073422853795041,0.4466461228578703
939,0.5804200591839892,0.47130452216017155,0.5439970614816886,0.6149973998603258,0.5736017735079262,0.6403109133793008,0.5160419713221398,0.5747067323585642,0.5054211882535096,0.44558992594245755
940,0.5803299049821148,0.4713535134534033,0.5418819552799075,0.6171663131425702,0.575254452734574,0.6409778102247767,0.518123142067747,0.5754608559151334,0.5034893751367839,0.44460519145987704
941,0.5801997391649705,0.47150016276873746,0.5397477084638554,0.6193433596814854,0.5768765535766951,0.641565792783729,0.5202103823666159,0.576255643044826,0.5015489799365465,0.44369191090560045
942,0.5800304035124013,0.471742892898155,0.5375971016445614,0.6215265098324326,0.578466581443014,0.642073161261526,0.5223005389189216,0.5770911728344745,0.49960217180121197,0.44284991475959656
943,0.5798226250835782,0.47207991566678714,0.5354329917173252,0.6237136586758203,0.5800230998384666,0.6424985252120191,0.5243905363192216,0.5779673902444306,0.4976511525662512,0.44207887391407624
944,0.5795770148765229,0.47250923795885375,0.5332583096061055,0.6259026294550781,0.5815447283799141,0.6428408048713501,0.526477379035395,0.5788841036872141,0.49569815413340385,0.44137830161147873
945,0.5792940674269466,0.4730286683770092,0.531076057782785,0.6280911773593701,0.5830301406860665,0.6430992311985607,0.5285581529421214,0.5798409830829492,0.4937454357877275,0.4407475558770232
946,0.5789741613283285,0.4736358245003829,0.5288893075578538,0.6302769936452456,0.5844780621688078,0.6432733446465579,0.5306300264297569,0.5808375584095025,0.49179528145719004,0.4401858424283037
947,0.5786175606503208,0.4743281407043244,0.5267011961398647,0.6324577100896587,0.585887267753143,0.6433629926921578,0.532690251111351,0.5818732187632208,0.48984999691966613,0.43969221804263836
948,0.5766732610570331,0.47707740926556347,0.5168891822756349,0.6402057533269034,0.5933317721793196,0.643168577743255,0.5371130232085953,0.5853457665921029,0.48660724591546456,0.4408136982743976
949,0.5761673892714682,0.47812786066063095,0.5147658682392101,0.642418501818839,0.5945530954271107,0.6428705200789766,0.5390470275435297,0.5864442687182242,0.4846358984953947,0.4404910191367722
950,0.5756245378257189,0.4792445155685652,0.5126603166251681,0.6446154474333171,0.5957296688125027,0.6424918738803883,0.5409588573855837,0.5875735373390775,0.482678767791087,0.44023106137666124
951,0.5750443814200653,0.48042386363902445,0.5105760460032007,0.6467938550241288,0.5968606178479882,0.6420342733337138,0.542846170493911,0.5887321930113049,0.4807382247981848,0.44003220796181985
952,0.5744265131719973,0.48166228762073393,0.5085166122511661,0.648950961158006,0.5979450959664743,0.641499611330096,0.5447067029852497,0.5899187343837351,0.4788166462996073,0.43989272079429936
953,0.5737704517546746,0.48295607413572417,0.5064856035063016,0.6510839810025348,0.5989822821502445,0.6408900284223651,0.5465382683451444,0.5911315415484404,0.47691641194635226,0.4398107466506515
954,0.5730756490522431,0.48430142458065883,0.5044866349040785,0.6531901154381408,0.5999713787415861,0.6402079009903145,0.5483387562815065,0.5923688798960829,0.47503990131681806,0.4397843233827641
955,0.5723414982758782,0.48569446610897443,0.5025233431129105,0.6552665583696283,0.6009116094550833,0.6394558286803157,0.5501061314483158,0.593628904466606,0.4731894909594268,0.4398113863507914
956,0.5715673424827586,0.4871312626480561,0.5005993806739301,0.657310504211273,0.6018022176097159,0.6386366211868687,0.5518384320669304,0.5949096647838301,0.4713675514233555,0.43988977505940047
957,0.570752483438891,0.4886078259064064,0.49871841015602336,0.6593191555180709,0.6026424645969504,0.6377532844451318,0.5535337684719435,0.5962091101600678,0.4695764442821784,0.4400172399684581
958,0.5698961907657232,0.49012012632674085,0.4968840981372847,0.6612897307344672,0.6034316285989341,0.636809006304516,0.5551903216078165,0.5975250954544205,0.46781851915523837,0.44019144944935085
959,0.5689977113099122,0.4916641039420987,0.49510010902498075,0.6632194720307379,0.6041690035687914,0.6358071417541851,0.5568063415016489,0.5988553872660559,0.46609611073152835,0.44040999685832694
960,0.5680562786753016,0.4932356790934384,0.4933700987270166,0.665105653196146,0.6048538984828117,0.634751197771642,0.558380145736401,0.600197670541418,0.4644115358008295,0.4406704076985938
961,0.5670711228562859,0.49483076296874684,0.4916977081887616,0.6669455875571126,0.6054856368720952,0.6336448178656573,0.5599101179477146,0.6015495555720998,0.4627670902967998,0.4409701468433783
962,0.5660414799121128,0.496445267925439,0.49008655680992025,0.668736635887879,0.6060635566389363,0.6324917663844665,0.5613947063661411,0.6029085853579084,0.4611650463566319,0.44130662579276153
963,0.5649666016224353,0.4980751175597383,0.48854023575691874,0.6704762142805484,0.6065870101609644,0.6312959126595882,0.5628324224251621,0.6042722433076296,0.4596076494018269,0.44167720993782983
964,0.5638457650654587,0.49971625648877904,0.48706230118699134,0.6721618019409266,0.6070553646837485,0.6300612150546523,0.5642218394538081,0.605637961248016,0.4580971152445144,0.4420792258065077
965,0.5626782820614058,0.5013646598134044,0.48565626740085727,0.6737909488763248,0.6074680030003342,0.6287917049874404,0.5655615914710418,0.607003127709708,0.45663562722365736,0.44250996826639966
966,0.5614635084256495,0.50301634223194,0.48432559994147356,0.675361283441351,0.6078243244139228,0.6274914709918128,0.5668503720973259,0.6083650964571101,0.45522533337534254,0.44296670766099244
967,0.5602008529778084,0.5046673667776824,0.4830737086569328,0.6768705197077777,0.6081237459777125,0.6261646428844252,0.5680869335969794,0.6097211952276893,0.45386834364123313,0.4434466968567117
968,0.5588897862552897,0.5063138531553819,0.48190394074606274,0.6783164646248122,0.6083657040038079,0.6248153760991266,0.56927008606307,0.6110687346447872,0.4525667271191108,0.44394717817952395
969,0.5575298488821866,0.507951985654608,0.48081957380572476,0.6796970249364779,0.6085496558310117,0.6234478362496295,0.5703986967546629,0.6124050172667997,0.4513225093592845,0.44446539022106507
970,0.553840322138169,0.5121744350718149,0.47847957567298155,0.6819575396219717,0.6097599124660433,0.6203373365578188,0.5720981225792495,0.615425928205422,0.44958498656494766,0.445888543167152
971,0.5523213319301531,0.5137632452988864,0.4777045237310475,0.6831920842821408,0.6097670635688694,0.6189201743910231,0.5730305604369691,0.6166537348303016,0.44847582943657666,0.4464122189407032
972,0.5507528932793258,0.515327399091032,0.4770281820296466,0.6843542673958541,0.6097146751677148,0.6175015785571586,0.5739043920021907,0.617858630490925,0.4474309286604967,0.44694374426202943
973,0.5491350269127118,0.5168635535043149,0.4764533850207677,0.68544246717583,0.6096023094394032,0.6160855618839163,0.5747187684194185,0.619038093310727,0.4464520765619935,0.44748044244522955
974,0.5474678632408774,0.5183684706699794,0.47598285509903465,0.6864551940588929,0.6094295606925082,0.6146760617383711,0.5754729003292951,0.620189651603267,0.4455410086766338,0.44801966736884075
975,0.5457516471358715,0.5198390221475955,0.47561919615002624,0.6873910954264992,0.6091960586702523,0.6132769276085752,0.5761660583778417,0.6213108925047288,0.4446994013943757,0.44855880899797645
976,0.5439867420878104,0.5212721927701245,0.4753648872673808,0.6882489598634656,0.6089014719887467,0.6118919092978947,0.5767975738722386,0.6223994704090716,0.44392886966435197,0.44909529867584697
977,0.5421736337209586,0.5226650839843845,0.4752222766586353,0.6890277209315531,0.6085455116862315,0.6105246457646966,0.5773668395763369,0.6234531151673799,0.44323096476277923,0.44962661417712546
978,0.5403129326539631,0.5240149166929883,0.47519357575939675,0.6897264604365432,0.608127934858141,0.6091786546363549,0.5778733106375826,0.6244696400137875,0.4426071721263352,0.45015028451704814
979,0.5384053766926571,0.5253190336062816,0.4752808535750038,0.6903444111695554,0.6076485483521539,0.6078573224228555,0.5783165056355941,0.6254469491813383,0.4420589092532079,0.45066389451152755
980,0.536451832347716,0.5265749011152182,0.47548603126834815,0.6908809591056205,0.6071072124969138,0.6065638954516045,0.5786960077413316,0.6263830451723952,0.4415875236739449,0.4511650890849411
981,0.5344532956731761,0.5277801106983456,0.4758108770119251,0.6913356450448856,0.6065038448377963,0.6053014715413539,0.5790114659745763,0.6272760356495817,0.4411942909940979,0.45165157732356637
982,0.5324108924256067,0.5289323798782237,0.47625700112154856,0.691708165684305,0.6058384238529757,0.6040729924295147,0.5792625965463551,0.6281241399148516,0.4408804130105827,0.4521211362739103
983,0.5303258775473793,0.530029552744582,0.4768258514884305,0.6919983741102642,0.605110992623094,0.6028812369634955,0.57944918427197,0.6289256949460326,0.44064701590357397,0.45257161448640093
984,0.5281996339810833,0.5310696000633719,0.4775187093255368,0.6922062797052203,0.6043216624280588,0.6017288150631553,0.5795710840394495,0.629679160962123,0.44049514850567123,0.4530009353060528
985,0.5260336708256332,0.5320506189925642,0.47833668524328615,0.6923320474641863,0.6034706162448988,0.6006181624579616,0.5796282223175449,0.630383126490732,0.44042578065001475,0.4534070999128233
986,0.5238296208479866,0.5329708324270614,0.47928071566872776,0.6923759967196822,0.6025581121211676,0.5995515361990442,0.5796205986867934,0.6310363129132803,0.44043980159893675,0.4537881901153668
987,0.516365419396588,0.537499776743041,0.4831730370223461,0.6908551275690626,0.6009052860154089,0.5962991685923201,0.5790357431204665,0.6332672426689993,0.440570776627293,0.45395764298262403
988,0.5140271113378528,0.5381584069004897,0.48460980162635986,0.6907198717626661,0.5997932315273582,0.5953823626065649,0.5787585574807467,0.6336369759648234,0.44080866875166347,0.45421628617694754
989,0.5116606751942198,0.5387481677394137,0.48617541996843217,0.6905045984015984,0.5986214538510602,0.5945179518503368,0.5784175874126016,0.6339516794484703,0.4411325479401118,0.4544434825711119
990,0.5092683616519952,0.5392680461332517,0.4878698139073956,0.6902102165485251,0.5973905650664515,0.593707167422916,0.5780133231421596,0.6342110083818578,0.441542881848627,0.45463776748732804
991,0.506852512084829,0.5397171428314108,0.48969271451996454,0.6898377699457056,0.5961012687583206,0.5929510497591551,0.5775463388715288,0.6344147667289782,0.4420400503002098,0.45479776777126735
992,0.5044155519957061,0.5400946695391128,0.49164366148473054,0.6893884322179656,0.5947543622044793,0.592250449644714,0.5770172936648751,0.6345629067378675,0.44262434417031654,0.4549222030928423
993,0.5001786549284213,0.5377975713212726,0.49548300213086915,0.6895472025111424,0.5904778484855857,0.5915358929920551,0.5756231149378668,0.6336730812668241,0.44524729497778026,0.4562523049811933
994,0.49581344902240176,0.5390175265523446,0.4996267888578449,0.6877836966772468,0.588334406628581,0.5905890024235533,0.5744845154073116,0.6341006630358311,0.4464229172466412,0.45580208627461666
995,0.4933170305694044,0.5390606995822039,0.5021771561926416,0.6869088979617708,0.5867084825882766,0.5901827441119698,0.5736860182527476,0.6340394162512527,0.44749045546681787,0.45573918301077226
996,0.49081455129796114,0.5390303642486926,0.5048484750354545,0.6859684240627052,0.5850325378846207,0.5898329902035675,0.5728309708897987,0.6339249097001376,0.44864494506895797,0.455634432394028
997,0.4883088181011075,0.5389263609666267,0.5076389758189052,0.6849643119260035,0.5833081294733755,0.5895393467638987,0.5719205957355118,0.6337579745188449,0.44988600144594065,0.4554872493677032
998,0.4742175221933663,0.5442284371132113,0.5241560985870255,0.6764192741275277,0.5770377529253646,0.5870082576899411,0.5675370606924703,0.6343007241444886,0.452980981163975,0.45138297815682815
999,0.4717232319513729,0.5436474169443074,0.5275625276296545,0.6753011254202712,0.5751136375439777,0.586959888448027,0.5662979453508104,0.6337022662712783,0.4545174987477461,0.45101746097971407
1000,0.46924532359530785,0.5429922997182205,0.5310742922360008,0.6741264565982126,0.5731496124838511,0.5869626851245869,0.5650137666665827,0.6330608648721143,0.45613676468553227,0.45060946992806555
