time_step,site_0,site_1,site_2,site_3,site_4,site_5,site_6,site_7,site_8,site_9
0,0.0,0.0,0.0,0.0,0.0,1.0,0.0,0.0,0.0,0.0
1,0.0,0.0,0.0,2.402612805988837e-06,0.005470602222694487,0.9999923062879592,0.0008745759824409672,0.0,0.0,0.0
2,0.0,1.1396654135206965e-10,2.5985057390648635e-07,0.00016031574800565686,0.2650405571290104,0.979633576571919,0.0031547115872478477,9.460670602259674e-05,4.149405847924653e-08,0.0
3,4.308191536571539e-12,8.57387176357042e-09,6.824703295453335e-06,0.0012864183178318163,0.47788333182546183,0.9230176349983603,0.008550794198120465,0.00035410851823543336,6.281347359593628e-07,1.1540281881187839e-09
4,2.394996079178568e-11,5.4358315642969516e-08,1.1294530038383071e-05,0.004614172840712739,0.5047855458713612,0.9121134340089131,0.01983772544423014,0.00042890405626105525,2.7478656967537772e-06,2.5544019169060116e-09
5,6.609680697390523e-11,1.300590300642177e-07,1.6564876928293045e-05,0.00851450166627431,0.5180550357998641,0.9062439028480457,0.031262814524979976,0.000491369141411486,5.526313604343903e-06,4.605542428856287e-09
6,1.6453447644166428e-08,2.0088627729459605e-06,0.0011678750017249284,0.015708683621362757,0.8611803898927144,0.6058330886277827,0.040205045088709236,0.0061956380626477766,2.2499735783167615e-05,7.000689596231972e-07
7,3.6419926292251276e-08,4.987147814758087e-06,0.0015365059048797602,0.021952269618380548,0.8884015028219896,0.5557352721103245,0.04636138464749539,0.007461544477562619,4.249669143987138e-05,1.0637787685050992e-06
8,1.7991671175880755e-07,1.1213090222633417e-05,0.0029089040681643556,0.029572201057381717,0.9402953036422025,0.4276139305798636,0.051627887172369415,0.011353236718379865,7.552389223858242e-05,2.883575129866169e-06
9,6.153298267344584e-07,3.925007900335967e-05,0.005002600034960615,0.0488678171887596,0.9718021087223633,0.3036569496619939,0.060188476503394664,0.016119084581817576,0.00019178425056324237,6.652824989598102e-06
10,1.7042369675544185e-06,6.519755514536969e-05,0.0077498292038386185,0.060478958472808486,0.985696083289432,0.2167660198603692,0.06355822088424452,0.020753037239654975,0.000281097698036321,1.3741259641686361e-05
11,4.918068937070201e-06,0.00010789412121545662,0.012972011284706587,0.07316911646793837,0.99439706678176,0.12446652694059414,0.06546148243734752,0.02783290804010277,0.0004034807163442879,3.090308389769564e-05
12,7.061341845054295e-06,0.00016674841844175874,0.015399168980254363,0.0870718589213229,0.9952749362704624,0.10077588376224024,0.0669162175722033,0.03054940050975518,0.0005556939930821805,4.047412689468686e-05
13,4.439663478681999e-05,0.0002810232839988669,0.04216411826751884,0.09885161138467528,0.9927178826148947,0.13110345296295925,0.06515368859656114,0.05181032460976892,0.0007629500811135722,0.0001812956138217219
14,0.00010041949634053954,0.00045425253028052705,0.0646958621448361,0.10811629030494462,0.9605236930112963,0.34376322831905703,0.06351217802244262,0.061735579800075296,0.0010026300246837605,0.000346496674646277
15,0.0001339440725364814,0.0005649116183303564,0.07344459426723672,0.11243288683444072,0.9329351663237908,0.43979818198669635,0.06306623350689104,0.06347830570576414,0.0011360259313631643,0.00042816408400656416
16,0.0001968246319160719,0.0013962422576384093,0.08534007626892667,0.13337160860992045,0.8744775626692423,0.5728389595716947,0.06500303051790958,0.06409327203340012,0.0019457415309016618,0.0005586567330810034
17,0.0007377703121307451,0.0018470888426813951,0.12818134374059553,0.13326304277984255,0.4800827898996253,0.9187969970224801,0.07298800533709106,0.04543498750476929,0.0021766247319790224,0.0013674755216023069
18,0.0008185339376473418,0.002398841833483113,0.13083097785297906,0.13521473509203052,0.43464443059551566,0.9349116954252213,0.08221130836418135,0.042496011788553244,0.002421826199594339,0.0014565225564251002
19,0.0009204294439616897,0.0030544858014174146,0.1334204391476593,0.13690658635325306,0.39050908213407387,0.9480758143535807,0.09315537164273457,0.03913618802600388,0.0026758767223797053,0.0015575802559894118
20,0.0010504819998082145,0.004238592522856279,0.13591081154902185,0.13920731860009306,0.34827298245297833,0.95813586366947,0.11250504786636004,0.03542893109469635,0.0030715153131456443,0.0016730946166227932
21,0.0013296720450829613,0.004681210191454888,0.14000357892909243,0.13942937156142873,0.28133545745472843,0.9719362085990403,0.12008374321495331,0.028311173509043764,0.003189861287646462,0.0018961908600309057
22,0.0030480084148734785,0.005394427881368942,0.13992245809485354,0.1396802169802528,0.14611477820391314,0.9885844308697869,0.13865911185529692,0.004349114808584399,0.003220089718633282,0.0028962186458122508
23,0.004593617964360862,0.007068530057974822,0.1127962086133678,0.15269173923446777,0.3416519044888411,0.9523927406380267,0.19418168539190594,0.010130301771026392,0.003241794239423017,0.0032854253115793325
24,0.006401765744001161,0.00757403976421961,0.0671501682480567,0.16980430969486085,0.6486817403139322,0.8153414980175543,0.21597859646783726,0.04902929129255048,0.0035933134781967555,0.002894180135111292
25,0.007654900871162045,0.007667627941622592,0.016327516351446497,0.2353174411528349,0.9070603560338449,0.46198233436737823,0.23527356528648818,0.13249785489259824,0.006795290872909498,0.0016526360892240343
26,0.007720468779761453,0.007802988462621099,0.014538575966533983,0.31728859709976703,0.899324286104566,0.43988328577922253,0.26137357544971235,0.13732667787822816,0.012199581989572935,0.0017585551320026367
27,0.006776551719099538,0.008415632907973643,0.06132633229956653,0.34898644148665997,0.9390267176953687,0.26230354048007315,0.24732014277452852,0.25115863136023303,0.01601939976876925,0.0013370795961556248
28,0.006067945873656552,0.009045456003756796,0.09066281322750523,0.36853509433918386,0.9259308940027314,0.30240573616453964,0.24514499368018594,0.26051522159322305,0.018709616900664364,0.002190652484878476
29,0.005736959131933167,0.010716795979657795,0.10409062539672502,0.4087482689055385,0.9095463934992685,0.3241426043072892,0.24385807221005423,0.2626327737432588,0.024595893824376908,0.0027175036564830403
30,0.0050276394025500154,0.012501427232785545,0.13092694454972115,0.4362476063122034,0.8890924163627286,0.3674326479995853,0.24385282070316788,0.26363499465523993,0.029460741535341294,0.003842707084461864
31,0.004706192014345132,0.014673070263972705,0.1435703897140608,0.4638704197321396,0.8731227254597016,0.38747328879621284,0.24478222110533523,0.26295075849892785,0.03467245169603412,0.004480401615712486
32,0.0031035767698725024,0.016776839642180245,0.20897493323628283,0.4732669875764829,0.830270338060711,0.4887942401356198,0.24881920506530286,0.2529831947797546,0.038149201616994366,0.008091787651565421
33,0.002558364258599265,0.020638245628164437,0.2387179991111386,0.4913301733007983,0.8003673416717674,0.5329756916897359,0.25545347750961406,0.24545180620370613,0.04331424321294936,0.010056837068449046
34,0.001745555798719964,0.025615057948968553,0.2951742103906893,0.5000009527938843,0.7471735658143818,0.610495100086358,0.26714862751246926,0.2266317456278051,0.04822838504407017,0.014358589561838489
35,0.0014186732344060142,0.029757791545318393,0.3657821779313224,0.4930719518398718,0.6752471507650749,0.6973858833515085,0.28011757784455854,0.19571571633927515,0.051030681403534534,0.020923845993645624
36,0.0027361166030486616,0.03470584370323105,0.44489291463412645,0.4744338200708057,0.5787812223824367,0.7823610971751987,0.29746426469615994,0.15060189312890354,0.052963119660933124,0.030255449397840525
37,0.029128594832361302,0.03753402875968297,0.45918542515283484,0.47352721795808683,0.5516317079378342,0.797622007793614,0.31870769391454723,0.07126184422011594,0.052437096230135226,0.05134159807919413
38,0.038199139523279524,0.038016355614050285,0.23466028928906082,0.542096151346067,0.7586511546267515,0.5569242179740792,0.31952694785920355,0.17981980309897552,0.054769799591672386,0.03287819512761034
39,0.03831697766150642,0.0379457309741824,0.14686457213619505,0.5693793478477749,0.7992970288115899,0.4504241607376035,0.3189933308705015,0.22786762395682333,0.0581572415826745,0.02363406420852728
40,0.036968741462739284,0.03771725395900676,0.08397981290283914,0.5928111424073781,0.8152559182994071,0.37207915239483086,0.31587238745029167,0.2669695113712815,0.06247343986312961,0.015781087457508863
41,0.036600472189842984,0.03729533710175742,0.07390865749238168,0.6222018080323277,0.8015141191870523,0.35875718810832247,0.3183632791269111,0.27391468125178925,0.06929493248342214,0.01474404036744262
42,0.03637512957895872,0.03705041824713529,0.06756805361646764,0.6414156308241822,0.7912008954580149,0.3509738827206441,0.3197420874545247,0.27842746697044185,0.07411082224835605,0.014066200019110747
43,0.036292727710593053,0.036822420390674786,0.06453360377035597,0.6601101438891627,0.7791928179135876,0.3471775472411299,0.3213918015203131,0.28054189255667666,0.0790928899574293,0.013930469492049624
44,0.028572590500820637,0.03862666338410671,0.05896982713912866,0.7057542898435542,0.7516018279349373,0.3168727992076868,0.30909949871072795,0.3362853845229743,0.09545429474683162,0.0052132123135447545
45,0.0213703379814137,0.03961548909682034,0.15197565417624825,0.7080951051299812,0.7300832107614043,0.3717835288315403,0.308270125208083,0.34046167566707664,0.09926283355458733,0.010253527093405069
46,0.006761775518385568,0.048389736951112684,0.5302274056203002,0.6242690329698721,0.6071504912065218,0.6130029611526832,0.3358082112720284,0.2561132120471696,0.1060740025686534,0.05572946076036032
47,0.006469935476376035,0.05536012277797908,0.5655693145875159,0.6118635897694683,0.5864425862920272,0.63330785977947,0.3466852271600185,0.24045534911145616,0.10945917372476334,0.0621269379369668
48,0.006654886760769119,0.06325447263285562,0.6179418964397391,0.5853936088809508,0.5579904145139082,0.6624831074115043,0.36050967422853625,0.21340821626131565,0.11207567063321354,0.07290210901211563
49,0.007510201710012001,0.07631351488393057,0.6222404707123568,0.5871683571496401,0.5511816496802731,0.6610138418657969,0.37640127925930295,0.21045222048866036,0.11616181162936352,0.0739777718462977
50,0.008274590767439187,0.08570077832039354,0.6312329319402523,0.5839952424624164,0.5441620248083111,0.6629523028967927,0.38784847561455194,0.2047140920846835,0.118760017183108,0.07621740512376718
51,0.017219685638780582,0.095879541262438,0.7172526734393587,0.5185590278172748,0.5049027900530157,0.7002366514969711,0.40758030362422576,0.14190796626046745,0.11867233083004088,0.10280861988857587
52,0.060893150119747226,0.10782345060956151,0.6897727752816697,0.5439708303070573,0.5378650198086449,0.6567408589370165,0.42719461862234387,0.13192999496280505,0.1167160559704859,0.12033552392053708
53,0.06755961437847607,0.1198363195528529,0.6720625700837344,0.5606790838711592,0.5439197817450699,0.6397117186665677,0.4444656893722505,0.1406253026414781,0.11720246445713864,0.11924388920278634
54,0.08590502705546947,0.126805273205843,0.6053637840448371,0.6094365181430292,0.5692667344402221,0.5989033824573458,0.45136535270283407,0.17654882302931485,0.11819313158627033,0.11109998432162864
55,0.12622065727435844,0.13624016644014075,0.3592537885930967,0.7400983777121869,0.6066962425949795,0.47701392183249663,0.44785672285137723,0.30775127002516456,0.13477324576948707,0.07567416248427175
56,0.1434334496869363,0.13874473975246743,0.13760668843101617,0.7923955130957028,0.6195311969557009,0.40265134516058654,0.4123472238810604,0.4398414553938804,0.1495883636527845,0.03119493462739968
57,0.14293072988340955,0.138713984868324,0.13351313902491974,0.8180993877411168,0.5870322441796271,0.4013445846330258,0.4108310786701004,0.44342641305322894,0.17171571070421365,0.03335245902202798
58,0.14040626271512763,0.13928112569647746,0.13036123278584483,0.823007696290873,0.5805411565585136,0.40124771861861014,0.4064388485647345,0.4550664774839953,0.17699170582946935,0.030372186597059075
59,0.12936563588847533,0.14133103045058842,0.17087671534536011,0.8279301322536597,0.5642921897134306,0.41126526652494266,0.4010762706029454,0.46800266530402274,0.18831268242640273,0.03149255430858993
60,0.1276642970847139,0.14262687264714613,0.17919093664637556,0.8350581851161182,0.5515233008972548,0.41311883631101015,0.4008948832725798,0.46728564268159367,0.19812316735313049,0.033728127245883956
61,0.12399818582303801,0.14438216109785604,0.1978403569529265,0.8402788408356917,0.5384249331391446,0.4169780903328501,0.4009938513577688,0.4660691719701041,0.20818784850426306,0.03717191248104161
62,0.11365103621436934,0.1473672394657105,0.2554090547917665,0.8384887372917161,0.5234495706132526,0.4277945361935636,0.40306734988619924,0.46064880167729333,0.2188102707037156,0.04627676561627785
63,0.11028660415051471,0.15058141272484746,0.27516141831763624,0.8409074849670531,0.5121246318315403,0.4310488506434141,0.40459077410396194,0.45708374975587557,0.2284424315477474,0.05077070993769578
64,0.10072565044753742,0.15491719169866405,0.33257204965141746,0.8340992928367325,0.49938748878595507,0.43996783936798645,0.4088401922750517,0.4472831906083951,0.23837396797781193,0.062254710989224235
65,0.08875484075608206,0.16679326646486,0.41011188967150447,0.8207936430742447,0.48005559981259993,0.45021394991090974,0.41752312745435805,0.4300831482487774,0.2559847284863908,0.08061947213653434
66,0.07649713017839689,0.17423616772757292,0.4901455787321537,0.7946712257313525,0.4700153655080667,0.45922359351836983,0.4261349762848389,0.4102586696180924,0.2645567044597782,0.10161212452330026
67,0.052456890455858794,0.19324338334958788,0.8563924049042416,0.4779491820229771,0.4533531518498306,0.48959588355215666,0.4719463386956176,0.2576751224736335,0.2654060895480373,0.2592310799507083
68,0.06957908303696815,0.2333211079333491,0.8633945355485434,0.45610424802455674,0.45508482833932984,0.48150126980638613,0.487208508604939,0.24501414893555903,0.26392389528137716,0.2729592339287338
69,0.11440482158532875,0.2551063917839588,0.8441241836100877,0.4848806483255055,0.4597883777702593,0.46689316698391947,0.4937691490825156,0.2459079969774415,0.25891438112355636,0.28024783668984693
70,0.13931072156407745,0.27602355750124585,0.8188138251931639,0.5204791391460669,0.460281578018008,0.4589490906624074,0.4976480523619204,0.25680869266750894,0.25782042971413577,0.2750173860185861
71,0.227815056876218,0.2873653037650689,0.6616401659497262,0.6910796320628043,0.4631749966278583,0.4389944347052683,0.48520887240517985,0.332443995757477,0.25986476759224886,0.22350693900596377
72,0.23959446813470006,0.29870105392109625,0.6354129134489054,0.7121330905276043,0.4579223101060314,0.43642205288685915,0.4850123787176267,0.3421439209884786,0.2652393641346341,0.21829137426616319
73,0.2643505622183602,0.3252091350721474,0.5795235190366282,0.7526348070975879,0.4442648135256528,0.4325692938545697,0.48331746532980296,0.3603216396002554,0.28311200315782054,0.21175263061439142
74,0.2791061869891619,0.3344007447486734,0.5458180793591602,0.7730362387906536,0.4400744396300927,0.4317650205849548,0.4806272447992181,0.3715768021479063,0.290742746587322,0.2055278961941731
75,0.28871002021463615,0.34303902642640877,0.5250698017530661,0.7847641170110619,0.43646139534252765,0.4314623802122509,0.4789648354946761,0.3774792854817622,0.298706204767494,0.20436677797208744
76,0.2957662883222869,0.3513398867621756,0.5108997436363932,0.7922849027136094,0.4336557486598803,0.4314043335089629,0.4777438948750749,0.38067260556857135,0.3068149740515798,0.20592268284984658
77,0.3065458325615365,0.36417192897485906,0.49009215902484354,0.8021059880838596,0.4310383225400885,0.4316296673201518,0.4754193250544282,0.38473192843953585,0.32076535135034534,0.21040768996296844
78,0.32840977809870703,0.36997538388411133,0.44510833047445714,0.8212701387056135,0.4308541609851639,0.4319420432571737,0.4696200359472847,0.39997787486288755,0.3309269712733635,0.20257509817033817
79,0.38391997829170765,0.37347080955884215,0.35155098037462407,0.8524112745092577,0.4331070240693684,0.43209330929177264,0.45203816439904476,0.4447544344252059,0.3513216088427163,0.18146617868188222
80,0.4190867943235832,0.38430062540339016,0.4166808497800831,0.8283163892169856,0.4360383218583919,0.43092492211857225,0.4321969791236604,0.48921527394970515,0.37351889984100195,0.2020098622400146
81,0.4070259213298162,0.38997208206602463,0.48686814515597554,0.7970010406109975,0.44004945386164834,0.4308333148425646,0.43156895227672826,0.48713025707067437,0.3908368898060712,0.2340745126161073
82,0.370718813554061,0.39740989078613986,0.604117803151424,0.7278242740987231,0.44256750870394324,0.43137777816138545,0.4358054782595609,0.4750596733517006,0.4084259613394809,0.29023040965714136
83,0.33069788366513897,0.40546922220983544,0.690739630124645,0.6543810514003207,0.44436276583851425,0.4327886914571308,0.44260986649166284,0.4569487859199989,0.4227740792313331,0.3419439031450161
84,0.3151044170362489,0.42345883342323937,0.7159326762790704,0.6202989792508594,0.44851802348758707,0.4340471737306895,0.44515754485679193,0.44684594893545604,0.43352471876327686,0.3645894930904923
85,0.26808347364469826,0.46197941441207196,0.7755369953838711,0.5235076389808145,0.45110835617667105,0.439653520964447,0.45347439690328617,0.4177837046612501,0.4484296155879961,0.42532925538201355
86,0.24030009070331917,0.4777493255823866,0.8000057942559774,0.47354809067571957,0.4497616805496311,0.4449519270098407,0.4595038707185647,0.39824431901884905,0.4520996446814021,0.45950203966162523
87,0.23095972512986446,0.49460746244719384,0.8052753187466702,0.4517902651121591,0.4483574179989367,0.449397904737318,0.4625864346670806,0.3856267909891859,0.4514731118832756,0.4762352265852524
88,0.23615809545185457,0.5110695690591952,0.7986759454222921,0.45043107345558725,0.4485514309038648,0.4505889793775924,0.4610081636710321,0.3855600566713526,0.4514803034000898,0.47644681603828704
89,0.2450149426736984,0.527139856103991,0.7870243704425891,0.460128874464528,0.4447372973418342,0.45846913292053504,0.46607580049288944,0.36706460973111377,0.4405348909482065,0.48371847240348675
90,0.3122838083724431,0.5383527772364115,0.7236288159585372,0.5469113402703967,0.4434952690796695,0.4625190440923292,0.4652054452820351,0.36478477388091435,0.4208209028718302,0.44598843967021135
91,0.3391575964491284,0.5524262766010338,0.6956386778462912,0.5715272627885304,0.44490111952554734,0.46356059369136504,0.46116300459400306,0.36779301552315163,0.41713215493157924,0.4341001037032379
92,0.40058540532167985,0.5507130921088759,0.6353930218089349,0.6342293414536097,0.4488327476004943,0.4596567306065876,0.4574460860689782,0.37735178386002066,0.4100172149772084,0.3990915431781293
93,0.488568505655718,0.5441384382898234,0.5521037303213897,0.7029170360343794,0.45922679482016265,0.45002642232708134,0.45044406174373164,0.39609347866608396,0.4103605081916621,0.35751706911317793
94,0.6188955280630074,0.5365315851314179,0.4676738573869912,0.7560181318831627,0.4829673130720351,0.4265971195025487,0.43637687454249285,0.4340171616848845,0.4288493226374319,0.3144211911173536
95,0.6360396226439162,0.5387214704150676,0.47968516418305607,0.7429793805737722,0.5001881566861719,0.4203956393209373,0.43028135385656446,0.44287933875588575,0.4445575690625808,0.32726692720788625
96,0.6082497640773176,0.547410471750724,0.5438757776847762,0.6941176226126117,0.5070549512996205,0.4212883195437725,0.4234756446702949,0.4505288982384819,0.46076582479784983,0.35432335966042994
97,0.6034044276529777,0.5488812351303206,0.5460265523654438,0.686498230609973,0.516642799296334,0.421883934683334,0.42323908571432955,0.4491128969416976,0.46780420256877053,0.36646915451317835
98,0.583190123383934,0.5526318134967099,0.5660741428296141,0.665310855393529,0.5214869482487702,0.42564873265810016,0.42202925844350075,0.44864713770429837,0.47611195472472695,0.38395436298134894
99,0.5570406847283813,0.5638418255870652,0.5810989677633768,0.6340179769841179,0.5395464867654988,0.4313024395279904,0.4206422969284256,0.4474760519411645,0.49313061301286243,0.4163960596993373
100,0.5529163880515262,0.5669582829160356,0.5816071448853414,0.6281333459276941,0.5449083125900661,0.4322705366514169,0.4203812588765609,0.4474939452093117,0.49694449221063214,0.42355897479586335
101,0.5141420321841418,0.5772245773929551,0.6067999880324024,0.5958320728138969,0.5443703167532097,0.4454325457240962,0.4190478732379015,0.447156653912656,0.5092569654853666,0.45069611489161154
102,0.496662083893167,0.5829834898086055,0.616998209728803,0.5811047990299295,0.5434039830034674,0.4528572290113948,0.41868349242976777,0.4468942195808129,0.5158191183901484,0.4644960021474426
103,0.45401873008812776,0.5958891485218444,0.643083916792676,0.5465565274437635,0.5349761516549085,0.475278642019756,0.41899310832557213,0.4448453816738152,0.5338358875863295,0.5018106952161772
104,0.4043279040318049,0.6223165858711129,0.6724569293726584,0.5014956809012562,0.5136804497176365,0.5198575394274635,0.4228584147394019,0.43896853164632116,0.5679291335489367,0.5705152252345925
105,0.40096702809620355,0.6383986003913057,0.6729037439919111,0.49354048219025404,0.4990362827001572,0.5455902199695245,0.42697131801819455,0.43489977756893394,0.5801332028053711,0.600368612243262
106,0.4266604510184316,0.6609947867909796,0.6495696288464264,0.5005586746806305,0.49073739114115233,0.5600891992573954,0.42717575351384174,0.4363541277165907,0.576373602300511,0.6024178833130662
107,0.509912313233728,0.6313059859035272,0.5941397554851386,0.5583014331797922,0.49228934112006306,0.5555775666820466,0.4401028646579451,0.42849890140536745,0.5326758704700914,0.5592055805871826
108,0.5349990176562025,0.62503039645834,0.5768766805138962,0.5712241246636705,0.49883861977206384,0.5480328787764944,0.44109431803210825,0.4283226676697213,0.5212779038381072,0.5456666326503105
109,0.6453772392731235,0.588626817988857,0.5244864495443974,0.614958202613216,0.5498526399971768,0.48967671641176014,0.4447911944404435,0.4259215763146946,0.49175289062099453,0.5131523606267117
110,0.6439890059719382,0.5874383443524672,0.5243205440561156,0.6093960308578845,0.5619197497985383,0.48815556666485566,0.442626342215343,0.42608645176952836,0.4915920330952585,0.52827063282214
111,0.6995805261764019,0.5839742450233835,0.527859578558907,0.6064795365739464,0.6015880621004756,0.4257989474487013,0.4397265192128268,0.4277647141226415,0.4981832616560096,0.5325971531909753
112,0.6916926320857442,0.5831404424240842,0.534788236565164,0.5953350688935869,0.6128430803371754,0.42189979863715427,0.437312820298358,0.42900231285292884,0.5016834833938804,0.5469380776381852
113,0.6808427541285721,0.5820311638900697,0.5408308947302659,0.5846505600965349,0.6222963923912208,0.42095074373826774,0.43524249948016114,0.43041613247806115,0.5045621548126985,0.560936767718044
114,0.6368588734487927,0.5928455558840487,0.5594981989263217,0.5553604279516053,0.6216599554145811,0.4371424596267043,0.42629966694732485,0.43689163110505924,0.5260599126607605,0.5616903230717784
115,0.6056846348221941,0.6012733996583622,0.5655567312767756,0.5388147093194513,0.6189991172611097,0.45884207852696957,0.4228523170056259,0.44339839438307177,0.5432206641829407,0.5703395957228892
116,0.5811979338077199,0.6128594990336523,0.5679817797610782,0.528299127486488,0.6112275061458041,0.48476503157373335,0.4205782114635513,0.4493303475465539,0.5634030857377467,0.5760795602087977
117,0.5364247203668641,0.6607225465931593,0.5656386701829929,0.5262437472590356,0.5471801978706924,0.6093851502072825,0.4215553994913218,0.45446153715981724,0.6667451876850184,0.6149771814325053
118,0.5434255315209974,0.6685073313275821,0.555781044126423,0.5316277411534419,0.5305282457030817,0.6320982366990894,0.4277236124245334,0.45737536309484395,0.6789959271565611,0.6227697418264023
119,0.5770544247465785,0.6862040306728757,0.527655346228228,0.5308978719510766,0.5265456022933126,0.6360692814493212,0.443020046752543,0.4809536687952826,0.665713307713415,0.6055607697873555
120,0.5855381458917258,0.6807732714731551,0.5194815165050308,0.5344432573127801,0.5226111485488416,0.6362475061745296,0.4514426370672739,0.48384664039188546,0.6538694277422149,0.6039517740814765
121,0.5905539536579416,0.6824883974655532,0.5158877166301264,0.5335993327946209,0.5234596530695858,0.634890174668318,0.45444968277855635,0.4883706636722826,0.6502483620430435,0.600783965527143
122,0.6091601712926281,0.6315615216967456,0.5063813037646138,0.5406934236536379,0.5361919587815583,0.5995177417602947,0.4815282852968715,0.4868128430846216,0.5837978832865315,0.6032586205015175
123,0.6173938157249844,0.6160965858731535,0.5071253118371045,0.5394165430927035,0.5484610079883936,0.5808548070681178,0.4900340143567179,0.48808040884051196,0.5605243507562503,0.60873856634836
124,0.659793416078624,0.5877016425792387,0.5243934675681677,0.5272689330982742,0.6045067863032847,0.5012937518367563,0.5093717988704555,0.48927243898045913,0.506981038605385,0.643770028179584
125,0.6550461964889129,0.5846953496653793,0.530529711193276,0.5217396617014021,0.6146358992933346,0.4943321505371551,0.5083373885403004,0.4916704778616263,0.5020218563924973,0.6594070520681184
126,0.6552988409798114,0.5852838480129714,0.5389690956173844,0.5134473064845831,0.6285289051562717,0.4757609712704983,0.5060014159432671,0.4941652776221158,0.5027444383287291,0.6712390883285015
127,0.6301396252050576,0.575932941291092,0.547151667759152,0.5075718719909614,0.6356638807315912,0.480941179116,0.5014037883550322,0.4989558331122043,0.4957653897496575,0.6962485864347095
128,0.6209292002369942,0.57391695748421,0.5508798479402011,0.504628908629002,0.6389781826591148,0.47920177390556024,0.49866292003123464,0.5007678681296776,0.4969355297769419,0.7026346529988454
129,0.5944319952023407,0.5792814956765716,0.5522081951418674,0.5021750080730609,0.6332964714724593,0.48390688532988907,0.48581522121353404,0.5007045101752803,0.5434511643785809,0.673306282303334
130,0.5784413097040475,0.577939516236861,0.5525794261610171,0.5032191364407244,0.628283273095376,0.4942993369581277,0.4829193189266922,0.5042645048940848,0.5582887873035243,0.6675196044668473
131,0.5695784373831773,0.5851382050080622,0.5457830856272484,0.509940996747264,0.6174790819501,0.5171026584515859,0.47966414851118705,0.5021582060577737,0.5960882348633517,0.6368378183712027
132,0.5665613877918017,0.587153112849661,0.5438909192659183,0.5119955957163697,0.6138050689221799,0.5250575066484986,0.4805377948535053,0.5042397472829853,0.6069117134665163,0.6290797124451583
133,0.5756748632547473,0.6090108366904152,0.5209236968601044,0.5305087506920583,0.5942497545808125,0.5848362386318822,0.4853789020082322,0.49684392325894894,0.680573115661784,0.5680163597808947
134,0.5921443541968106,0.6209236005200235,0.4984709089332906,0.5461464137503331,0.5764484043367539,0.6336911169091933,0.4960382678458761,0.4892105726499586,0.7261392157012384,0.5371296146609282
135,0.6027466271595368,0.6189869611796708,0.4894301241122929,0.5473611851978579,0.5702806138132992,0.6423948745061401,0.5123725017565828,0.49818593614690687,0.727047726791235,0.5293374432872153
136,0.6130376184111649,0.6138613035732111,0.48774498931424215,0.5394584707372895,0.5734335575340789,0.6330501271364838,0.5372989764454777,0.5232916042937118,0.7093555125579784,0.5207547931694823
137,0.6131761717020954,0.6064962315549675,0.4870515481642478,0.5376415193009867,0.5688571446658137,0.6298601567559147,0.5460323298704779,0.527834967687049,0.6970238988476314,0.5286072318643487
138,0.6127541888370065,0.6014090722288974,0.48801502824607007,0.5349872026398136,0.5672594836279452,0.6254579161261025,0.5527773645980255,0.5332565829103101,0.6862549303610758,0.5341761984430831
139,0.6018598122751215,0.5838540919575714,0.49274433469498696,0.5296828186921612,0.557829007657915,0.6125401249504595,0.5628342514184874,0.5384271681655496,0.6488247958000348,0.5688097910239658
140,0.597136246849503,0.5778757925838891,0.49647714755113964,0.5257873014786112,0.5567219458823256,0.6066361107312113,0.5680049676060083,0.543837927800011,0.631639937474409,0.5828554718412285
141,0.5862784513755651,0.5688587404715975,0.5040873565075955,0.519104148598339,0.5554421249046029,0.5978569451022834,0.5749225719933287,0.5530164842680863,0.599271242326487,0.611750958427278
142,0.5688576332621647,0.5622882984246641,0.5150859850051049,0.5107423001829564,0.55728040735231,0.5881641167114378,0.5818284204421627,0.5679261459168908,0.5505786052099353,0.6556044660742404
143,0.5585593763485126,0.5608120380444932,0.5213497043135941,0.5068588258552731,0.560592447121107,0.5867842002136504,0.5840460593153808,0.5772591456637723,0.529055663181986,0.6758926362323088
144,0.5436812365184234,0.5576390472335607,0.5286613902051835,0.5042337937257314,0.5632623384536029,0.5909744095427948,0.5828357372615031,0.5864251404143792,0.5119776630715799,0.6952838185727429
145,0.507630270527098,0.5591855011733569,0.5428516912892475,0.5035803393485625,0.5760864278140809,0.5935348138614295,0.5773180806824124,0.6137712349876839,0.48649508320549484,0.7262053221511585
146,0.49766491758670617,0.5571017427661408,0.5457362919359756,0.5057721405440857,0.5771891090325915,0.5955606325662272,0.5728238154263905,0.6171621319840176,0.48938448540860213,0.7278231134279157
147,0.4876897608383402,0.5551292561984451,0.5480912178495102,0.5092531077676173,0.5789101687728807,0.5954583860510636,0.5675063048687081,0.6192867829262194,0.4995798875559755,0.7240633588981652
148,0.4879601891208515,0.5540253370434167,0.5394335354574613,0.5228553471860321,0.590139631531588,0.5762030907098685,0.5606254566036419,0.6013768105947277,0.585787100956542,0.653451889523025
149,0.48923537779810355,0.5493355530200146,0.5374691276110415,0.5272230002206527,0.5931568998445308,0.5744484839088616,0.5605958184310078,0.5948220553280241,0.6094661538572191,0.6283116392509535
150,0.4877961889024792,0.5436060693228617,0.5389756405357907,0.5296606223456234,0.594565087976473,0.5748258836391593,0.5617721827883231,0.593587060290654,0.6179375553618063,0.6166009388331143
151,0.5001984429934776,0.5391841749121302,0.5333396046867401,0.5325423493206517,0.6064890622295311,0.5692753647780381,0.5710634124136632,0.5836189464789684,0.6511083035498746,0.5711687037620158
152,0.5438928067982439,0.5304591486203513,0.5116689083626734,0.5321438463580861,0.6434174881042402,0.5683769934556984,0.6082902125881677,0.5615216219122632,0.7128004634543028,0.4608282491332441
153,0.5475500077557001,0.5221566525697733,0.5182590846633757,0.518382683922913,0.656414360397545,0.5508743656633588,0.6312997690171973,0.5921419373290814,0.6888135193608262,0.45367977744314525
154,0.548128720573006,0.5196386911923636,0.520493563711395,0.5145680205439352,0.6598481050457102,0.5455147743906584,0.6375779013125297,0.6017837549900179,0.6803387108963181,0.45251770471397224
155,0.548275222528689,0.5149256369383552,0.5251782596943642,0.5079121001081491,0.6656396254025236,0.5349839531521235,0.6486077394379519,0.6214766716374039,0.6614809361610752,0.45225365057262584
156,0.5490584091160841,0.5128675151323709,0.526610439001331,0.5050419863351681,0.6680750731282099,0.531638668885223,0.6531645255956308,0.6277912428121976,0.6557802010292153,0.4505376648911634
157,0.551804834835,0.5091732043785188,0.5278117496920234,0.4988661207502915,0.6714328075712812,0.5294292924745176,0.6604248210657494,0.6328766821178922,0.6520809088445266,0.44450810657899786
158,0.5530366442019782,0.5051047993751148,0.5290287375578085,0.49061071230505127,0.6707138914464356,0.5314401124123884,0.6651578406459023,0.6346760398839127,0.6467115409382348,0.44190221938261864
159,0.5504337441573938,0.5023394478952654,0.5301998103931086,0.4826542465918615,0.6628182423081416,0.5392535775716251,0.6637133746880053,0.6320717162365466,0.6374819591488013,0.44780554503981396
160,0.5488136692606065,0.5014092574541803,0.5316152878336745,0.4787272381731445,0.6612379843680086,0.5402406273060885,0.6646540901878676,0.6358491160950256,0.6295993136106898,0.45118263078311743
161,0.5296983795039549,0.5044078357812282,0.5313693082563894,0.4706782266944976,0.6168925844757644,0.579848943958798,0.6422249015486688,0.6152618490994664,0.6015915501551246,0.49089709478218857
162,0.5266349816416066,0.5043397178548149,0.5334927615325451,0.4650166524652449,0.6177223349533735,0.5839753593816631,0.6448905482153903,0.6211138798393434,0.5904335028776522,0.4951520844181596
163,0.5110180341490197,0.5105878084318006,0.5318832196602673,0.46549495422436227,0.5828167785303039,0.615014393001379,0.6298853001606942,0.611284640702633,0.5710039760248304,0.5231456024487389
164,0.448642727254978,0.5342034521377486,0.5118419403274482,0.5026059653847194,0.46409591047599946,0.7209945176944732,0.5902612325138614,0.6245063356890778,0.5193687833070204,0.6122473206399368
165,0.436995412744814,0.5370622880404328,0.504050684560929,0.5259582629727407,0.45948150251788145,0.7335755347858873,0.5719755604031705,0.636586878758648,0.5178732804112421,0.6203027700911826
166,0.4391090020104235,0.5343943741817037,0.5025656401010966,0.5371802089019049,0.48263922466693077,0.7257080441604938,0.5581275183402319,0.6340748510688087,0.5250845213367324,0.6112964079325554
167,0.4393395935263384,0.5320649357341585,0.5033996729878297,0.5395884166613578,0.48746329659903703,0.7277310635614451,0.5482443958349685,0.6302888529094108,0.5283490110552472,0.6090844473773706
168,0.44160219703353415,0.526671337821105,0.5058176813119509,0.5442108888667696,0.5015287563182687,0.7278645130800968,0.5302757409743353,0.6216862843715064,0.5350537843813168,0.6024418701872257
169,0.4559797904653855,0.5159783520754068,0.5119421978433393,0.5481367682773037,0.5598088186276784,0.6941768080770372,0.5235663861225858,0.6085500537437672,0.546672236474529,0.5756004099189699
170,0.46201658637389525,0.5108791088251794,0.5153905449240577,0.5477047931449781,0.5828549244246249,0.6787508369851192,0.5243519848033806,0.6039162198660943,0.5500477081872179,0.5649489604267585
171,0.481304153467676,0.4984887043087652,0.5235066005998239,0.5385479741104942,0.6533400454031294,0.6146034061775563,0.5496152605312429,0.6004375472656208,0.5594328375393579,0.5316976051104187
172,0.494242526841374,0.4897163034886939,0.5287241728898933,0.5271643460307406,0.697345063148446,0.56368485519376,0.5759942903321169,0.6022426791206559,0.5658009000611497,0.5097399016731712
173,0.4954128518783143,0.48705648327876105,0.5303146299733645,0.5254156908961691,0.7027904938557377,0.5576546626950343,0.5793338848040738,0.6029489050842867,0.5627060891276165,0.5083673060659097
174,0.5136714723980537,0.47214397822546444,0.5384342447710194,0.48940148037191294,0.7646152793002624,0.4639576915150751,0.6378828892401078,0.6114637881777399,0.5677339198210728,0.47841270024383914
175,0.513940040879962,0.4706356070543128,0.539507872997218,0.48210377663933673,0.7698066177869638,0.4558455129814401,0.6440902812900136,0.6139216404087929,0.5628215374864571,0.4786254331241629
176,0.5125344524256926,0.4699873308757297,0.5400982884711631,0.47703241830537796,0.7724838786993662,0.45295431579826795,0.6465165639588821,0.6185677058149519,0.5539126607490674,0.48215708086747805
177,0.5107969208967866,0.469860400263829,0.5405855361435139,0.47235587437737997,0.7743439601631393,0.451426951430481,0.6482165650484114,0.6230817369386678,0.5447295868088069,0.48605459203839047
178,0.5023401297294584,0.4753076469144411,0.5415103344043314,0.44993742305115864,0.7701267117752054,0.4689054032788951,0.6467708482194275,0.6200611665567489,0.5233653564581011,0.49695514484245373
179,0.49350313401753454,0.48238504546746974,0.5409909990190201,0.44076338538779214,0.7494019740885307,0.5095192560069803,0.6326841930735176,0.6046005813168602,0.5148293118890518,0.5048330583951716
180,0.46918450793033073,0.5000389734206337,0.5296766613292042,0.4489195309600573,0.6297199732762276,0.6584625594447546,0.5738743690909628,0.549139184471548,0.5191199160878615,0.5261791703833562
181,0.4616899965775942,0.5052750287227824,0.5208427674084619,0.4593950664903053,0.5726338588430472,0.7092303283146231,0.5528565058296265,0.536564103463204,0.5263501041290861,0.5355327715725946
182,0.45948947164608833,0.5081398942351039,0.5157267181878612,0.4614027338913065,0.5545794367687686,0.7284239689837697,0.5402447608008706,0.5299418326438703,0.5301656858642709,0.5388949935729586
183,0.4567885744719992,0.5099120589784303,0.4957810346167847,0.48883743088715836,0.462300151812147,0.7919497735495702,0.5027126293982417,0.5199691585458692,0.5531259385345589,0.5509504559182719
184,0.4618430169125635,0.5075040167628333,0.4841682062310737,0.5036028567008056,0.4401771774406856,0.813519217810778,0.4753784177460097,0.5138740440195325,0.5654719821478983,0.5525832504642695
185,0.47501844228722645,0.4980860169067028,0.47292717376898225,0.5215014454584936,0.46682677206095985,0.8109217929901656,0.4536865289145988,0.513291342700392,0.5674812842857028,0.5471212695548315
186,0.4800663002028866,0.4945496276042749,0.4714904264230459,0.5247306165373972,0.4885223974464234,0.8026024335167306,0.44748189784857534,0.51177707460978,0.5649803245046418,0.5438511821563113
187,0.48657449258066254,0.4904715800932422,0.4712596341996394,0.5272743792029165,0.5152608618369221,0.7936371324491132,0.43325614254771827,0.5042757987031515,0.5630795721463392,0.5398771206408656
188,0.4987411348973218,0.48082566218398887,0.4755428574322126,0.5276716879698826,0.5958765170990237,0.7352800907024234,0.43739275679211076,0.5061648239277637,0.5430915890972856,0.5324469435578331
189,0.5107815637880485,0.47176603229264813,0.4904129768688376,0.516164854033693,0.7077433606138986,0.604051413947293,0.4695947112274557,0.517450236661666,0.5049675072337118,0.5301215402216226
190,0.5126619095951979,0.47091164337564384,0.49673670039048595,0.5105134811334805,0.7364816505056702,0.5559798658540833,0.48315839117902143,0.5217365530990576,0.4907239632478676,0.5333928540491902
191,0.5128352707265539,0.47232792665319023,0.5054728403351033,0.5017090927406933,0.7682268922462335,0.4934151047415573,0.5029828156583415,0.5281820414933248,0.4703318920078672,0.5406515472312082
192,0.5094634732578649,0.4783253805824979,0.5158499597362712,0.48875083801829106,0.7972995980724935,0.4329833922179466,0.5249199770489206,0.533459226230241,0.44750263083383146,0.5504747985342954
193,0.5069797871830182,0.4820230326043109,0.5201863129714945,0.4827888841915856,0.8062819961945616,0.4165160693319727,0.5319746781625337,0.5333337118781394,0.4396152200615995,0.5541333082603295
194,0.502642607579166,0.48587783883839436,0.5179278599223683,0.4899958635967846,0.8001527636015302,0.4220684043703664,0.5304251358839273,0.5365649015265024,0.4265105416431006,0.5627867474630809
195,0.5011201714854457,0.4874562462187327,0.5173894974505352,0.49286703064206716,0.7980228426409396,0.4238962226555736,0.5299913008798702,0.5374623938012563,0.42196167304692467,0.5654768294256586
196,0.48236570398861406,0.5112750398752816,0.534320885493542,0.4700854916181081,0.7928204319371088,0.47109873194955376,0.5268011655051179,0.5018612850636529,0.4160566286854838,0.5696669736949546
197,0.4803137215431699,0.5148546361276785,0.5321748341904688,0.47350004048575134,0.7875117120883155,0.48159161986973514,0.5228623612675047,0.5003792480466632,0.41400480201721823,0.5707007598206106
198,0.4765330170018297,0.5198536538023582,0.5352553324387664,0.47093038003198406,0.7586987814276841,0.5280269901065443,0.5127281468833497,0.4814193104531669,0.4300542457586839,0.5663341286604872
199,0.4772248105040085,0.5231682597098882,0.5358339697232201,0.4716644454010974,0.6767777259119822,0.6205583990777964,0.4855080775119837,0.44380181023934967,0.47875393695692686,0.5527587109888482
200,0.49171960066848086,0.5119100584922486,0.5293212800483051,0.483494975450735,0.558259524719341,0.7307275986017504,0.4510910627319221,0.40831884544648334,0.5526545637257881,0.5291200222503173
201,0.4943042465024899,0.5140689048561138,0.5264779781611628,0.4825947163673111,0.5564604027858306,0.7337146055546687,0.4373695067209312,0.4008183352438894,0.5567875578200263,0.5269535493573744
202,0.5050454634662042,0.5067187882969244,0.5194731215322573,0.48839271152778635,0.5249940081505309,0.7730720860201689,0.415382339557779,0.38769078564563136,0.5817236762943123,0.515847508915711
203,0.5213978418799003,0.4887657949492739,0.5065217419842802,0.500816480319212,0.5086134889042039,0.8222254463804163,0.39511033955886066,0.380209271268939,0.6020895714561034,0.5036857887734522
204,0.5402217836641418,0.4623307749719002,0.46854890666272975,0.5313440035186419,0.6359619294580658,0.698006869080944,0.38170300716117866,0.40121208066708836,0.519528638740136,0.5353567651342563
205,0.5354761929373292,0.4707597415913111,0.4637252862560486,0.5442421179628232,0.6758227755765486,0.5890714392463107,0.38376532649397155,0.4091330528069167,0.4650753157314253,0.5633733473904059
206,0.5265540639035523,0.4850401310739072,0.4655925029628235,0.5481697540408528,0.7117349846440724,0.4892504885982802,0.39257776682253803,0.4165408417302872,0.41110797827608897,0.585855487266686
207,0.5064471978126116,0.513012823966073,0.4821733101765119,0.5472135361484216,0.762175071246997,0.3953058994523252,0.40606737596794623,0.41749392411369657,0.3488224513995517,0.6070217095010209
208,0.49240308534139604,0.5310444669162364,0.4993440803039859,0.5483681850291195,0.775855710369685,0.39668329429536914,0.4095067550146631,0.4087459557713264,0.3378339639354245,0.610075675242792
209,0.4901023826650276,0.534545009335306,0.5020645720760939,0.5530171254186772,0.7717204269827258,0.40378208180119673,0.4088900450470467,0.40664428707524963,0.33863088931783847,0.609675175997702
210,0.4886327441592383,0.5373437870961693,0.5038764807820358,0.5583365339138191,0.7662377742963027,0.41050623517741086,0.4079462946401014,0.4050034582444927,0.33976592152243273,0.6089651317087552
211,0.48512579060258265,0.5448143604749809,0.5270767291752189,0.5472975020070582,0.7512069445797517,0.4509775589790368,0.4071816002241778,0.38980176173799197,0.3690396188564469,0.6004528579748075
212,0.4934043941767281,0.5449650080673948,0.5589624906540903,0.5282280366292756,0.688163127352482,0.5316762088146948,0.39722092690173627,0.36346747019860803,0.4462273890139248,0.5748873161587178
213,0.4978414333645309,0.5440672693006554,0.5642379208206983,0.5262472001675627,0.6698521312889516,0.5497573700363892,0.39204005292015914,0.35786400790332856,0.4646924686304646,0.5669289408911538
214,0.5257581791975874,0.5134569815822332,0.5944106792215019,0.5018464681216007,0.5808298276053417,0.6871010861066572,0.38434206287149714,0.3348861480813513,0.5734188891740851,0.5155861101645786
215,0.5421715490021224,0.488279302408354,0.5924672370150288,0.5043943060327531,0.5688924843798786,0.7661106843236225,0.3721849502253307,0.3287671671792379,0.6086006752143696,0.49074409842532346
216,0.5468461078364705,0.4798491693591358,0.5870646961659142,0.5092232702594468,0.5738957821746362,0.7853294039284481,0.36681132882203354,0.3285584639112159,0.6117550955008393,0.48716753077815483
217,0.5528750510972558,0.46945278433212956,0.573319624261936,0.5214833104021092,0.5894069640305973,0.8013205588994678,0.34160761185682287,0.3233114199025449,0.6071938416241581,0.4904293342175344
218,0.5218525518645113,0.5095677578684911,0.4615952405259793,0.6149000379370183,0.6736972168758855,0.4215603805846198,0.339789772060759,0.350140884200071,0.356498113564015,0.6070995219487577
219,0.5069331832887957,0.5273984796351651,0.462155665290013,0.6240912236228323,0.6943882210923079,0.37785472896691896,0.34116483642737866,0.3488228751217146,0.3218677165987185,0.6162373879699852
220,0.49417509437500606,0.5430635753505763,0.4763778851535702,0.6295420215485682,0.7057631394868966,0.3701135617248682,0.3424681010216104,0.3444912474536517,0.31307838582436925,0.6175394237258185
221,0.4899247861547466,0.5564565162965622,0.527551193265105,0.6096981383020755,0.6907315991761013,0.41879700805352066,0.34229802168188234,0.3323876061613841,0.36707534239047196,0.6017964019402257
222,0.49208467329648253,0.5574778648061509,0.5342578509155251,0.6111479591735338,0.6785411041762077,0.42773834164668845,0.3408489023691519,0.3309756834258286,0.37791222805483937,0.5971773999611976
223,0.4944895536345285,0.5589937216325406,0.5345710109762858,0.6202271368766057,0.6647485928610182,0.42982023260913904,0.3383236062592129,0.33078810292066907,0.38076688247256735,0.5935236896600236
224,0.5019436351594166,0.5614581024821439,0.5416891878178223,0.6320139620758427,0.6336174539785687,0.4403912074462574,0.3336418895661215,0.32993442654414695,0.3952281647865276,0.582285014843361
225,0.5052050010606969,0.5619990260872518,0.5450343412269306,0.6348702310799186,0.6226038608118372,0.444615709564162,0.3322695383150175,0.3298256496109674,0.40104462768738536,0.5778185359863441
226,0.5125689420026732,0.5606294054770566,0.5599815573929977,0.6275426088862259,0.6058731678239039,0.4610887380663505,0.3309920270188282,0.32872574808733185,0.42173723368454813,0.5681638619764012
227,0.5164035670200815,0.5608708639421659,0.5634656036996065,0.6290021551330054,0.5957075584448741,0.4655287114526935,0.3295284193408081,0.3289528999674985,0.42768001361675795,0.5630366950094591
228,0.5526792861108233,0.5319678999000713,0.6490842618677877,0.5451427705237023,0.5536258883301162,0.578570475792576,0.3253431812748523,0.3239204488417367,0.5373164481364555,0.5081962918091222
229,0.5618702004372906,0.5209217113266568,0.6672056500514969,0.5230563588360081,0.5521110386583555,0.6143202647781119,0.32174267411190144,0.32529662324450886,0.5595045541977556,0.49149361537531017
230,0.5702448541549835,0.4787506179961731,0.6894614722608162,0.49714313991760833,0.6006812212219916,0.68043424604062,0.3220400446020013,0.32410622603683914,0.5669904660014671,0.4885838722904167
231,0.5653877940464719,0.47636164212643706,0.6792581913637454,0.5194080894854133,0.602430239201674,0.6549497820458785,0.31961972724449605,0.32830263709144125,0.5464749517668445,0.5056397004736357
232,0.4998942925290271,0.5465754812328597,0.4947327521861292,0.6998174361857384,0.5907292086241701,0.34802816789397445,0.3312238719354967,0.3281266558117064,0.3352451293691392,0.5879109521716777
233,0.4951500752646857,0.5474752536403722,0.4916811157862634,0.7155000763975224,0.5786509971416961,0.34119220959544344,0.3320485562852025,0.3282086433515131,0.33111374054526727,0.589409169384925
234,0.5164801460558139,0.5541736557918373,0.5951247058974165,0.6373308493301749,0.547517191137437,0.46631666366344626,0.3218831402521469,0.33078904690827426,0.4731497647666383,0.5398590177665527
235,0.5569085587946135,0.5151504645531413,0.6972074920379909,0.5155518678345969,0.5302158811574467,0.597942694747452,0.3106495193645232,0.3429939325579268,0.5702495284241211,0.48130669731954984
236,0.5698838405991272,0.4840087642939717,0.7275621915587723,0.47518907490212997,0.5624213031424355,0.6516263945565998,0.3074017002231511,0.34799657387033156,0.5776455474674445,0.47973712069063307
237,0.5629790787842179,0.48035949785870463,0.6954812831133712,0.5296268410187178,0.5825551750305277,0.5842690449531642,0.31661800561780246,0.3491813590100793,0.5137976383699352,0.5224463976058514
238,0.5561303206055976,0.4848989501591211,0.6735966964840695,0.5621951134016745,0.5788205767110337,0.5419989660038409,0.3219391434837092,0.35089602354263094,0.4840670105044178,0.5393559703269859
239,0.5408630223790685,0.4946788918299075,0.6297954107934663,0.6205901577414389,0.5665067375121812,0.46765976442792134,0.33247467307349615,0.35276190524551104,0.43360791136081434,0.5640264016023696
240,0.5318338440882618,0.5007792478119814,0.6027882712244296,0.6515427395056597,0.5591161872860136,0.4305241779826498,0.3388243588457695,0.35302390419569507,0.4082808156001184,0.5741071086706905
241,0.5184204221043123,0.5043461222046628,0.5749243501682598,0.6895297116812791,0.5417198033975507,0.39198135728317984,0.3473003666305356,0.3543166918989947,0.38341484300396994,0.5848854822059883
242,0.501990199009905,0.518891247671143,0.5218623903591727,0.740464199908442,0.5294299315395152,0.34225385917225415,0.3594246987252037,0.3520883067125162,0.35394732811355206,0.5923431729319564
243,0.49208369331148455,0.5238560432561784,0.5042928118499747,0.7697327426901219,0.5061832714145442,0.3219685969962525,0.36591226622666573,0.3512460486473647,0.34911534493236257,0.5937716794596221
244,0.4846216659934178,0.5274932640046919,0.4981910156329985,0.8032578644636169,0.4576833264290772,0.30458059362288215,0.37219567376673157,0.350798016008265,0.356381777025094,0.5899986378659221
245,0.48982195238465376,0.5317036283291561,0.5475973901831327,0.786796989724611,0.42961539356601375,0.33557303241748376,0.36340349633671004,0.35676571963144094,0.43492414506275867,0.5651623791185156
246,0.49800758804067796,0.5303904532996009,0.5770929776224495,0.7677532688148075,0.39615772636997154,0.34480050898729314,0.3577593301705636,0.36432008754974726,0.46079001373009,0.5486372430581185
247,0.5071305005914644,0.5261013780644404,0.61243245618531,0.7240858078192235,0.3823634197465979,0.36272034797750424,0.34614216715544033,0.37042514255749553,0.4909961592698519,0.5312896197466376
248,0.5113723768160728,0.526010914616432,0.6198451310819655,0.7149504102976482,0.3689233502535154,0.3638576290732331,0.34426460766084493,0.3763209945910582,0.49621208019352436,0.5242001270634284
249,0.527155940326709,0.5169965274469838,0.670041273892242,0.6204508669605171,0.3575687064535249,0.38974922767902564,0.32230427362553543,0.3906691242101312,0.5326099355127837,0.49701486569533737
250,0.5303444757460267,0.5165450999339082,0.6756131079906526,0.6054857796015954,0.3537181010486738,0.3919612817075475,0.31971263921562365,0.39654641379049027,0.5358335577420121,0.49210500547854213
251,0.534651632632944,0.5164675347481893,0.6820948756081902,0.5851829193853487,0.3493023440949104,0.3943464665063486,0.3165840833863918,0.40569693921252475,0.5390989255137846,0.48584628056473217
252,0.5498438532356975,0.501701218261937,0.7317986951923708,0.4640218760624701,0.3586976963051873,0.41136681546306764,0.28889315354500145,0.415905368450384,0.5588743489149404,0.4719728233997628
253,0.5554803500626996,0.495342344397573,0.7564859298588749,0.40737954208819316,0.36825115083007876,0.4136196901358582,0.28050447132138256,0.4277624173921897,0.5589590204658653,0.4722349785308931
254,0.5564408088268693,0.49485037274204685,0.7612339752192707,0.3970876910329308,0.3709163309448162,0.4125666278349543,0.28083095440114286,0.43515753946305696,0.5560564513900584,0.4740781874283051
255,0.5580704805161988,0.4931722419445546,0.7701002275833757,0.3824212389569909,0.3757747804897816,0.40977797627600165,0.2808408732927262,0.44243254267772,0.5509869449076549,0.4783309043178325
256,0.5599693017069971,0.4902348113730798,0.7833997227817706,0.3692223076253138,0.38382874228062963,0.4018729711538449,0.2831880723817548,0.4489436996727915,0.5399345461607244,0.4878687943995826
257,0.5289500658144368,0.5154180403036377,0.7005455284802371,0.5583721531733297,0.40192621293009556,0.3023791278097692,0.3875216280461219,0.43325037492124385,0.42577985522394235,0.5485307594368343
258,0.5082442775945575,0.5243336549167955,0.6405741369709019,0.642145566071746,0.3870497430221454,0.28359267081910294,0.42513948018361136,0.42889910846458873,0.40431513154204374,0.5586622619395171
259,0.5042925470723532,0.5196235972531815,0.6399130366330933,0.6449268476767924,0.3748348093042367,0.2812080267109003,0.42744616364087085,0.42958631916735546,0.40319409572337683,0.5622934808579608
260,0.47341084320148275,0.5406054126348774,0.5457666103074418,0.8385198740413845,0.33857522445214044,0.29618168209200074,0.47272529481558895,0.4306949506996653,0.4459359727976959,0.5441894495516008
261,0.474713683634209,0.5405719017120073,0.5550003845302488,0.8439820010189167,0.3148865491543273,0.29491457320432507,0.4685610207565181,0.4354639735518034,0.4548940968687796,0.5378898873525155
262,0.4788328121385447,0.5393079633815223,0.5681755037320134,0.8384092311023713,0.3042317999438499,0.30029131690069033,0.45478053649555406,0.4402144308357957,0.47206631231626517,0.5279250358281554
263,0.4839466855484038,0.5389401978120956,0.580464462169628,0.8260900612515812,0.29397668800907056,0.30175472749726023,0.44214214358567094,0.4460914747402994,0.4831807473139632,0.5191061526475498
264,0.49176196348460427,0.5378167344066616,0.5962101187533067,0.7993063652787737,0.2863944028983131,0.3033104167545596,0.4226372701050491,0.45352939322784475,0.49633705649807447,0.5080684122204088
265,0.5094440336066843,0.529139091040658,0.6301426364628545,0.7058947619003911,0.2821539153156515,0.30674390970644916,0.3730926234879355,0.46341793024522776,0.5221026382106216,0.4890819888425051
266,0.5163357990249656,0.5279577195561188,0.6408457453756192,0.6665854176626463,0.28182212226615905,0.3053382687067758,0.3568534831640012,0.47008997466713254,0.5270644578374705,0.48290422734554184
267,0.5306079239553578,0.5251826474141094,0.6628213718193421,0.5754823032615484,0.2848199328246815,0.3006636413735098,0.324121832458421,0.4849622233366441,0.533245145383827,0.47346581434239865
268,0.5366679637127715,0.5268921021874241,0.6699386477652493,0.5388321432880632,0.28844884556808426,0.2968985251234485,0.3132187323451179,0.49513010416634584,0.5317034159343939,0.4709791790578731
269,0.5471304567100189,0.5248447179201997,0.6849857325595873,0.4752872069580688,0.29329787396379553,0.2907370992055392,0.2945248672423091,0.5064396509207241,0.5293493386573211,0.4699755921769835
270,0.5712064528999652,0.50201235736575,0.7735807273207312,0.31912819498521194,0.29895003935306785,0.2658234907461977,0.3042133112079341,0.5225218662103294,0.4839899665833698,0.5083548204491896
271,0.5699272566139097,0.502614890463335,0.7738131173685355,0.3246912237238016,0.2981046745754473,0.2662406738285577,0.3122034766990418,0.5252620327990034,0.47822191491624894,0.5137893960007016
272,0.5690390436530144,0.5023355094762706,0.769990483084436,0.34968211601675164,0.2968252654763274,0.2671983050059937,0.3396471969825686,0.5232641448957076,0.4654739517382383,0.5236228442458398
273,0.5615429490572189,0.5078495287414602,0.7209677396378618,0.45944533408176325,0.2967308964175792,0.273518440412723,0.42852974887208967,0.5067938859455323,0.4446466059643478,0.536111988423995
274,0.5382901057885683,0.5219568439401215,0.640005340152929,0.6074742432972815,0.29443330782547356,0.28654828090524737,0.5175374243115861,0.4912231078227372,0.4446707053392239,0.5392955675894118
275,0.5323970291113049,0.5219885368815349,0.6292585441123326,0.6307978527336344,0.29113088766989065,0.2902357585296682,0.5283079410000283,0.48920845360471427,0.4470954867002244,0.5410387609429601
276,0.5230443112427235,0.5268824373602768,0.6062953836494867,0.6825445253506256,0.290645200634721,0.2944029892270182,0.5483724706211144,0.486619258236601,0.4542570237096612,0.5389239819658435
277,0.5086312649916208,0.5356393245014891,0.5808856594591859,0.7582563975866651,0.2917124926490449,0.29891989349988185,0.5668203492984316,0.4858333783344198,0.47040922568148386,0.5316432915906751
278,0.4887682273972756,0.5489941269927906,0.5769178301843391,0.8311645509131426,0.29636155705258277,0.3005528555598486,0.5494276735007249,0.4941368188414502,0.5041238688844839,0.5118047700196096
279,0.4844395570296311,0.553741593197719,0.5863939867885822,0.8273054101286145,0.30184959811804796,0.2991754455665174,0.5243406080231258,0.502230870368091,0.5148803108153203,0.5031913075090789
280,0.48404081972643287,0.5579089616181344,0.5887429077741047,0.8214686831783486,0.31216874222048996,0.3008410823351134,0.5169316289126845,0.5092986692637901,0.5132695449246071,0.5014513688831495
281,0.48528004015884235,0.5621671320117377,0.6079450143552475,0.7692477983644047,0.32529377764839856,0.29188566706881175,0.4563608718586114,0.5231557253546821,0.5255416180351382,0.4895096769949437
282,0.48689510785119966,0.5684375399991335,0.6105165094460154,0.7521794619633825,0.33908927469155464,0.29165646139965323,0.44404195239499206,0.5319968898279603,0.5226941210163782,0.4872166708135943
283,0.495468005384411,0.5720296731432369,0.6260076549500052,0.6752820634356229,0.3561965850553493,0.2850862656220522,0.39048411208531436,0.5476563215251258,0.5231181939419544,0.48181328837525705
284,0.5399234883943018,0.5450257007885126,0.6874729557590796,0.43322850620360487,0.36122079662028495,0.289119826204167,0.29467456101024736,0.5676440003088005,0.513381796746671,0.48687358550277426
285,0.5483339004712042,0.5427549487370575,0.6986136006167555,0.39999842844090994,0.3625505480145199,0.2949161235081044,0.2918423459832674,0.5729826932101686,0.5061269605059951,0.4913466423977252
286,0.5562308501400928,0.5439585035419658,0.7071904290926391,0.36987950603528874,0.36404191212270187,0.30371228032314845,0.29323787205283186,0.5807217013460603,0.4957240959032235,0.49878223631488716
287,0.5581909153497341,0.5461291688991122,0.7076751775386485,0.3620131448591549,0.3647591542601715,0.3070923783407652,0.29414753538590477,0.5839658517602938,0.491889718470815,0.5018889830968535
288,0.5675712796424502,0.5412234672139379,0.7145501955510226,0.3472852143519267,0.3618614693598472,0.3180864905572319,0.30563755073578713,0.5844037627110681,0.4846798105294516,0.507898554214567
289,0.5846063682024149,0.5270777843650878,0.7202387154200063,0.3485831196780919,0.3507681376485944,0.3423949688515161,0.3502840855936769,0.5761736766758471,0.47377653182604773,0.5187057663913837
290,0.5881788685025828,0.5239731448133044,0.7162335112798406,0.35646359629025853,0.3458082085892799,0.35097715637374716,0.3688185902858447,0.5721475466313861,0.47129832648286835,0.5232305423025977
291,0.6001128416289819,0.5031048037188822,0.653508214880285,0.5075368604490519,0.3183005178732632,0.37982717416451667,0.530239891380684,0.5269253102898,0.476385842937096,0.5265776418667253
292,0.5963593304422724,0.502249421383725,0.6481378767302493,0.5193883146627812,0.31848434150952804,0.3854377958217808,0.5373374572172211,0.522920678634676,0.4790243283757795,0.5305607280163716
293,0.5919541255495325,0.5018726310613066,0.6353059662287442,0.5480473809357618,0.31899856348956696,0.3898448237755044,0.5540924274731278,0.5159984949567323,0.48431195497884627,0.5329173967972776
294,0.576988219667536,0.5148855849738447,0.5862548333452628,0.6703027591870426,0.3258018765028251,0.3751539562615814,0.6028119116852774,0.5015798699731514,0.5078838933752716,0.520881038104579
295,0.565178556238115,0.5220026266753894,0.5762397023534461,0.7061866597735909,0.34975670538605214,0.3794012009440998,0.6015748438745304,0.5013937686123116,0.5173881915749142,0.5189367162866153
296,0.5632065708229388,0.5219725241753818,0.57590529057243,0.7075066706461037,0.35844144607349937,0.3847290998148151,0.5993563295003982,0.5016784549133066,0.5181372897713933,0.5201467968757993
297,0.5535259424456191,0.5307024248573394,0.5700333118085859,0.7329958543648174,0.37480852296606637,0.37966592066588456,0.5896709568572046,0.5048020440569205,0.5266946943617948,0.5153423258410221
298,0.5509308841321,0.5320836598536594,0.56927298104217,0.7345554736353003,0.3860704883010597,0.3843067398561434,0.5855164241883756,0.5063623316525423,0.5276880333592164,0.5155696743307638
299,0.5149727712053681,0.5661359970813405,0.5803667329130006,0.7449448021188946,0.4266941082479166,0.3520611862650582,0.5007149056845471,0.5341238088408046,0.548914180658994,0.4983960834508151
300,0.5132623853929431,0.5721887314435621,0.5777173521824244,0.7321394796284735,0.4530830993025088,0.363844265550949,0.4929302496524481,0.5442108919665327,0.5435868905662947,0.49824997828037665
301,0.49797018575291263,0.5860338638428365,0.5972313050282919,0.6762961479786485,0.4748507953773777,0.3638328132342497,0.4288979709398642,0.5669591608288669,0.5429404472381827,0.49624311868783916
302,0.4940500775112735,0.5903248576312604,0.611726166053837,0.6273915538219093,0.48680917354618386,0.3749962254156557,0.3944396554480103,0.5789410904840375,0.5387081624076844,0.4981830161624498
303,0.5033087420030187,0.588707715380365,0.644957711395729,0.5138520638393957,0.5104135161310273,0.4275850500943213,0.3525882307610681,0.594498654192045,0.5214962233743397,0.5092878998621391
304,0.5224598874175846,0.5897523857107427,0.6579797537245268,0.43393900851400835,0.5254904958203945,0.4867479089575529,0.35275378002127766,0.6022402867368991,0.4986701847760193,0.5253982548783362
305,0.5506170847258789,0.5703615870600671,0.6667068370598652,0.4070249733090178,0.5201969341460272,0.529677502409936,0.39683113888418253,0.5896858656598228,0.48702337178911986,0.5349726098190833
306,0.5963510176342902,0.5183124497111944,0.643533532607519,0.4629505764634316,0.4582141887483149,0.5227461612078109,0.5269619257631989,0.5414555949155697,0.4871161878843557,0.5383737876595833
307,0.5959806376238247,0.5162902181742537,0.6318151068826001,0.4731001495517846,0.4526814293276109,0.5172003346436034,0.5381334441661516,0.5330366042730312,0.49092716888158555,0.5433608735749992
308,0.6055810620868288,0.49900952507213187,0.5958124350017677,0.541188666649016,0.42586915189987873,0.48092678996850746,0.5864082504743449,0.5075101179095424,0.506769867294651,0.535708267805315
309,0.6016027145109506,0.49727763005413506,0.5723883796432748,0.5822618540086006,0.43946102874503284,0.4729975675147054,0.5934976189073248,0.496038231056683,0.5207506357441982,0.534621721128607
310,0.5981872294578272,0.5008839741297644,0.5557149716593667,0.6148478502160142,0.45175161409374887,0.46603816565231754,0.5910876549099011,0.4936642265455142,0.5331581545017468,0.527289306736183
311,0.584772413794538,0.5202574762943168,0.5380031195925824,0.6555962107409465,0.47871643702037653,0.4561480872773443,0.5657560783610632,0.5046004927351304,0.5519046110573106,0.5124878261602531
312,0.5560463017446214,0.5550205383298581,0.5395302466961748,0.658063769787633,0.5040901290150366,0.4450131729975777,0.507923378483986,0.5370223434924682,0.5614961278939948,0.5022204454420223
313,0.5526043405203656,0.5600655291133986,0.5387005402350974,0.6487573355651328,0.5172380646891801,0.4526343163542646,0.4991395230100376,0.5452116297982263,0.558460664418477,0.5020801929019646
314,0.5491086787870221,0.5650969233321197,0.5378139586216435,0.6390870906811661,0.528975846453304,0.4596868428267436,0.49043849085684604,0.5534950946359256,0.5552357613639411,0.501949041784237
315,0.5207024045185391,0.5894883197465627,0.5545591382264123,0.6054465128276387,0.5310062615987187,0.46619798050694483,0.4406354708464127,0.580171673734145,0.5515866671219757,0.5029673925292628
316,0.5190964742314604,0.5927626525454578,0.5535492139805271,0.5977379889669983,0.5344123675790752,0.4700605454422816,0.4359293987158207,0.5856287529920767,0.5481606263051488,0.5030916147031236
317,0.5005882098230909,0.6109502115746261,0.5797023257143816,0.5223185350071181,0.5814579931229752,0.5617390182998895,0.406810429305184,0.6032363066327627,0.5266286064051706,0.5176597319570719
318,0.5017589007476111,0.6149253897676618,0.5792352244486513,0.5048645302536584,0.5963163568051714,0.5888710077758021,0.4084443453615902,0.6062676463832626,0.5188285323454965,0.5214741867254131
319,0.5051536894437771,0.6164586410343241,0.5803269657955612,0.4897910429003948,0.6141544359103737,0.6189053455070825,0.4157298301967565,0.6055076293159204,0.5123159552539164,0.5255384149318124
320,0.5248252689456772,0.61151879795535,0.580898374887223,0.46220801619452284,0.6504058389804382,0.6776104578438541,0.4552803491701845,0.5912674366818168,0.49967759629874253,0.5361588107015266
321,0.5354906595649878,0.6070512425921113,0.5775377198640649,0.45654396921163937,0.6532246215753927,0.6835287364223894,0.4758993405514023,0.5824012114380831,0.4966247138993763,0.5395361771307905
322,0.5446190040758813,0.6052191034970708,0.5656629468822525,0.45155382795392146,0.6489228852860687,0.6748730825987552,0.4964496891217798,0.5720122379974812,0.4952023808890842,0.5449380291529194
323,0.5670575203078513,0.5863516365121089,0.5576722228115742,0.4565952606740634,0.6181393189716197,0.636404226284175,0.5341799928573115,0.5496052557177264,0.4977482151422836,0.5455369120623376
324,0.5691696285472151,0.584940933338561,0.5525253344288196,0.45693373374891727,0.6118993316090965,0.6253827025086942,0.5389446352301808,0.5452682878135149,0.49909715065015176,0.5472935053808592
325,0.5924964885539176,0.5548585855040529,0.5397415628534185,0.47260757586582713,0.5609624611847931,0.559312805439348,0.5725515633423168,0.519245296525584,0.508542905352637,0.5429726623855005
326,0.6253182591703033,0.49485108504159436,0.49265718453634655,0.5427091753553744,0.555665877276618,0.5141792959798007,0.5786114668741356,0.5134347275757816,0.548679730438841,0.5063301637833295
327,0.6217834801927961,0.4969469650953856,0.4920296947473468,0.5344574509659942,0.5772283181561286,0.5389860162279467,0.5648123581651318,0.5215646566677895,0.5456472800379254,0.5092208998339351
328,0.6201843615486483,0.4984181199363141,0.4916219020745263,0.5321419776092524,0.5840129544067025,0.5480301248581293,0.5591390817809695,0.5254260369367457,0.5450009352566542,0.5098918455674929
329,0.580080940423856,0.5625467390754438,0.4913800913766306,0.526200319584347,0.535952181256038,0.5415615493034207,0.4810988864123306,0.5826447186027421,0.5464796405676733,0.5017055608178231
330,0.5050635190997737,0.6246742711090804,0.5116516577631324,0.4901876836803345,0.6119198682955643,0.658510188192963,0.4705154384599313,0.5933290758552525,0.518239969387519,0.5251934184871316
331,0.5045000085742571,0.6285862916915178,0.5126379528296199,0.4840373027764153,0.6556016026016173,0.6976036213554804,0.4891762025232009,0.5860845975911768,0.5103809551412546,0.5308621849543301
332,0.5104718195941929,0.6291692118447337,0.5125382766690066,0.47985870071864983,0.6874406106573245,0.7191559599321725,0.5113795713020846,0.5751025144002788,0.5041692156168791,0.5358243225462054
333,0.5102144282338908,0.6309717361955802,0.5078311357508389,0.48091923706042,0.6878879956624873,0.7167854393804902,0.5154448172406612,0.5755127335369612,0.5026522902114334,0.53691997154188
334,0.5149514615808384,0.630585670775688,0.5059136411291328,0.4806534795293527,0.6949502258666436,0.7157332568325191,0.5278188549782785,0.5689069362887157,0.5005058368764246,0.5390168224055197
335,0.5541653463900299,0.6078545123276005,0.5023653319653628,0.4804760519421605,0.6552709054994337,0.6300861793303254,0.5756813377921794,0.5278653286883764,0.5006959179403384,0.5440184280111676
336,0.5604500446123428,0.6016912374654524,0.4981177545784274,0.48256556152643754,0.6357757970761824,0.5988176861997317,0.58268207879881,0.5200827154584605,0.5030679566576033,0.5467557791153724
337,0.6089944640778812,0.5324821416311213,0.497404635168138,0.48602831299193316,0.5616031498802009,0.5165784802788966,0.600125540369007,0.5036021115892911,0.5232390017538263,0.5301285765445465
338,0.6097787201587821,0.5268643544279631,0.4958504467547454,0.48563763608810934,0.5632071101632202,0.5223217958672002,0.5972841493283412,0.5052322463053939,0.525020786976409,0.5319827314031228
339,0.6256075179825326,0.4934626245477299,0.48935916800399437,0.49303855281575165,0.6014924167344728,0.634587491511172,0.5469412642639241,0.5682861714361207,0.5523312931548816,0.5021488118342012
340,0.6230451877791294,0.4989776775310859,0.4888816789422811,0.49291551886712326,0.5953902509276581,0.6372803011962459,0.5367666302671933,0.575221828507818,0.550801261796708,0.5017326299771406
341,0.6219552611379958,0.5009607604608469,0.4887595257197039,0.49288568059841514,0.5931522029644559,0.6382433928737694,0.532959643915647,0.5776890618323764,0.5498664824427391,0.5016857215322871
342,0.6084686888061315,0.527511076927581,0.48606192987210006,0.49560263449536085,0.5554853561441787,0.6174271250647918,0.5082239110517505,0.5922850160202227,0.5464909552979661,0.5009551767543471
343,0.6018209146263527,0.5374144987514855,0.485511000317148,0.4989642735859869,0.5460307959507251,0.6100110118738172,0.4997479811632268,0.5981535501367649,0.5407301110649491,0.5009411156185921
344,0.600757838634451,0.5385080852542483,0.4857157254725224,0.5009183503907446,0.5468466273086032,0.6098440351259713,0.49798122313346194,0.5999854110070041,0.5380655939235985,0.5008441605898395
345,0.5917161452352345,0.5505997802531615,0.48421448116863425,0.5046734501664489,0.5359113873078126,0.5996912665812304,0.4941634163178005,0.6027608685814477,0.5351743901283034,0.5009629660068323
346,0.5565358022093165,0.5873611859065484,0.47967749952758054,0.5137033350224671,0.5337353542128772,0.5913820635655357,0.5016425840225853,0.6025070603253506,0.5281812077703845,0.5037940768415199
347,0.5278207161109443,0.6098511144736238,0.47933658832883574,0.5293898324558715,0.5855531073026212,0.6210772819661122,0.5306921705887394,0.5958391040623667,0.5175730766856349,0.5073080908232575
348,0.5063208069465822,0.62833970221244,0.49155526261653176,0.5280921516588969,0.6955251380244429,0.6878410663963399,0.5926914979868958,0.540941609094215,0.5049517116326363,0.519042584564207
349,0.5325372217590927,0.6160282061739722,0.5065250250343458,0.5191793319537733,0.6655632281442548,0.6385581413161523,0.6086691843268428,0.511043341689905,0.5011273508658427,0.5230364002526311
350,0.5406522628885116,0.6097474992686673,0.5105953619074891,0.5192776938952812,0.6478320819835863,0.6159806873372814,0.6115382882238595,0.5066595078552006,0.5006934324672315,0.5245828643333504
351,0.5403419202941461,0.6084166121103902,0.5113464090881462,0.5235637396673694,0.641722612140271,0.6074205736878499,0.6135482272029545,0.5062619700958455,0.5005812646486015,0.5264690443210626
352,0.5673628247588731,0.583752936967178,0.5239741275960953,0.5162979444299596,0.5950690218624547,0.565228247216713,0.6148261019002301,0.5052454374941711,0.5014777072711333,0.5272914179430044
353,0.5820795936991319,0.5645401355525189,0.5310843494964685,0.5125807435724303,0.5774855827913359,0.5578650946527268,0.6127154600643823,0.5133339541092429,0.5031454736966425,0.5274913856741891
354,0.6065711170636845,0.520675173732864,0.5425419390238455,0.5054636684179938,0.5851484371587172,0.5975037688567356,0.5973396741515333,0.5465089277003556,0.5093317109844654,0.5231029073575575
355,0.6069703674253667,0.5140593297671046,0.5435428970080098,0.5070923591713377,0.5890494600377039,0.6198398867301256,0.5914338611443696,0.5547291865233208,0.5091930589742993,0.5261673376800062
356,0.6084980196225362,0.5023666357858724,0.5448614352875905,0.5101614268440261,0.5985819366123265,0.6596205925314129,0.5786732209190261,0.5702448080096514,0.5101947343599134,0.528882923518641
357,0.6065793406722431,0.49801498753971185,0.5447349996640817,0.5148636664545474,0.5997556549334205,0.6855260657971124,0.5709919811683355,0.5783612301129143,0.5096963827595156,0.5335088101561118
358,0.6041735296610938,0.4991002453786985,0.5319246911723745,0.5316021530422719,0.6071320300160609,0.6888977246720311,0.4964736422405205,0.6233506402243215,0.5303973076454912,0.5121198643964786
359,0.5852652287696657,0.5321708821622141,0.51914931109323,0.5428492636397904,0.584776248948503,0.613086818197115,0.49353803886718983,0.6259501302450867,0.537091738531203,0.5033674491452221
360,0.5761719879562173,0.543241469671566,0.5163526141209059,0.5497303837650231,0.5871637572472459,0.5915504264632914,0.5010688308288023,0.6243633292806018,0.536854479650582,0.5019540568895938
361,0.5449797837724609,0.5741087134844161,0.5118392011067217,0.5649995263079924,0.6205410680508124,0.5593691963129228,0.5390643125583686,0.610368319730476,0.5354664284945201,0.49954874106874536
362,0.5287753527943103,0.5839216224890285,0.5171014169479136,0.5819227486313611,0.648515013551898,0.5567576549188826,0.566359872527594,0.597368215127613,0.5310227068092501,0.5000897818367639
363,0.5064047704018775,0.59778322698124,0.5248648231909717,0.5862347626344329,0.6836572168302661,0.5783606424569165,0.6030669705105812,0.5616897017969992,0.5263927444803668,0.5038176041266033
364,0.5006678290913178,0.5988013349778423,0.5367463140931367,0.5962653580255147,0.6808156558258578,0.5800580259985912,0.619942996326826,0.541991527480689,0.5218533659547621,0.5068400881298881
365,0.5055847637729207,0.595545220895691,0.5571624428658974,0.5846709407763565,0.6428075209144477,0.5929078680385672,0.6381848593470556,0.50440316876404,0.5128850284602695,0.5162519406261136
366,0.53293453114695,0.5763418177238819,0.5790199217334024,0.5641365657082615,0.5766542835808949,0.602696311375793,0.6397405201739561,0.5083253912829961,0.5045904266888414,0.525730318817265
367,0.5462977364543679,0.5632446594588902,0.5882806246344148,0.5590465888183882,0.5554451694909364,0.6189954218448145,0.6368573576394763,0.5243270209547137,0.5024085582823385,0.5301671966478928
368,0.5537395836169374,0.5543418240256266,0.5932611901512589,0.5580554976711488,0.5470547178444107,0.6366247889197253,0.632830795257888,0.5376390236320239,0.5016828437129585,0.5335359742893836
369,0.576532975639725,0.5243248112245822,0.6058669709302456,0.5591465372576785,0.5577241477198408,0.6875800742344148,0.589998939179357,0.5872820950624146,0.5016180800205906,0.5367957505437649
370,0.5760738617091226,0.5222957999416089,0.6051845435151719,0.5647044227769806,0.5572373884894262,0.6995710102241421,0.5830207374750971,0.5930949532103975,0.5026551646729945,0.5405263365422095
371,0.5890829190431217,0.497384886989729,0.597208145088699,0.5909537450586135,0.6188887199754531,0.6568414171537573,0.46373888322691964,0.6489644732036963,0.5160025999237582,0.5291610748977144
372,0.583776682061192,0.5007037008098505,0.5888226595143421,0.6026274881820799,0.6263946012870428,0.6174485996460705,0.45184412274906494,0.6512760504986824,0.5198584876246501,0.5289415857710293
373,0.5800220834369834,0.5032031065591887,0.5834244002826202,0.6080049895569736,0.6308727238646151,0.5945601598215896,0.45103793062185793,0.6509560766742949,0.5219287711810036,0.5292421498690051
374,0.5777648623261836,0.5041743042511955,0.5811257139009045,0.6109894531366666,0.6327277297701162,0.5844906962423687,0.4525320263691808,0.649986951722919,0.52275884186407,0.5301563720772994
375,0.5703474669899325,0.5132776901246032,0.5688013346694636,0.6129966007329818,0.6448677290581227,0.5369278888045064,0.4627244246482267,0.6488580968719372,0.5275978826324587,0.526209579711785
376,0.5554464111670196,0.5302916878635443,0.5604293084665016,0.6163690037572029,0.6617063385639373,0.4869257757775884,0.497526642188681,0.6383940675854394,0.5338595677396082,0.5201702085615684
377,0.548599358282869,0.5332926797459316,0.5629470874140503,0.6224726767053276,0.6631843560789489,0.47567364728963984,0.5127836474851394,0.6312931454842035,0.5346527849812804,0.5204228332771099
378,0.5244924366645016,0.553618547511127,0.5786392913106387,0.6347545931398798,0.671088324500673,0.4730273979232464,0.5714848497554185,0.5903346958937479,0.5390958281501824,0.5159522459986613
379,0.5135152997533785,0.5587006431923622,0.593189381467037,0.6453661119949634,0.6587009205561007,0.48394178484339606,0.5958405064716198,0.5659385730186933,0.5392125491268189,0.5160732969242993
380,0.5017554877826592,0.5658000160790122,0.617573222034539,0.6018093913363292,0.5710094202960373,0.596394225419411,0.654386486147972,0.50826733792592,0.5329813615511456,0.5240900953839418
381,0.5122750454096571,0.5585705486938184,0.6212257387669019,0.5837465306795344,0.5362144226716451,0.6334636531793362,0.6535201731074942,0.5276412955388977,0.5296101871846601,0.5304965839472299
382,0.5136682911835416,0.5582946635403778,0.6219404481864671,0.5835823338750095,0.5307374993375235,0.6393578747263742,0.6538985156226135,0.5304732753805352,0.5301769344343813,0.5318142508153748
383,0.5242426244603272,0.5507541301535285,0.6261672922299488,0.5808081520383521,0.5181455547918267,0.6602270143517138,0.6382500118646209,0.5532351034784937,0.5283710067511322,0.5374005033585503
384,0.5294666997521967,0.547411339346559,0.6282311635895523,0.5834755394030239,0.515388271354515,0.6683085190872673,0.6262709823726638,0.5647024405212275,0.5285104887410111,0.5406299651236047
385,0.5321154609520308,0.5456695657965646,0.6291868552067852,0.5856918068866036,0.5150926112201109,0.6711975394312001,0.6190243923052459,0.5703707703557853,0.5286167464038528,0.5422866582409053
386,0.5556720360791593,0.5225591280463937,0.6376281586935203,0.617110275939329,0.5447004710839433,0.6550334166490929,0.5244105807272227,0.6185260264581772,0.527580061027297,0.5524416952972403
387,0.571850174525846,0.5025351074150328,0.6015596959386119,0.6284408321517531,0.625097561997806,0.518788366016857,0.4237058744990127,0.6531459996981683,0.5277455477890267,0.5491302789411799
388,0.5640053221149757,0.5085970409605594,0.5835966050542827,0.6240419524551709,0.6457590720167067,0.4516603477499586,0.4416839095125591,0.6487759671176841,0.5330139983634408,0.5449861651870144
389,0.555448311135081,0.5152234721026534,0.583832717263593,0.6284109899248493,0.6493905669358111,0.428104526087667,0.4694797622059268,0.6378446883968018,0.5363192263480382,0.5430903461456207
390,0.5472028810143621,0.5151487926337498,0.5891658937759072,0.6357186710999541,0.6349378513813296,0.4202868687915505,0.4852090946181677,0.6273639332671138,0.5380331855070205,0.5465618733186928
391,0.5359997170734128,0.5216396119958457,0.6027850914055292,0.6545791593613941,0.6231513255347396,0.4196459181807195,0.5205572119138382,0.6062033820766263,0.5399900055184722,0.5473634859119169
392,0.5292846979842761,0.5251286279204957,0.6130331605634175,0.6679333216377363,0.6121374987134635,0.4255074309360676,0.5404324234044893,0.5918278368675942,0.5408397081310661,0.5483785324799754
393,0.5176128724790892,0.5313929269895988,0.6318783416383277,0.6918032711244634,0.5864079190194944,0.44504405577408823,0.573554100758259,0.5646632930490776,0.5421246930638655,0.5502251359117809
394,0.5119041773417108,0.5340303993829053,0.6403515530968852,0.7037772429458136,0.5680485047760033,0.458082822148161,0.5887709207918136,0.5509626587538394,0.5424734097990949,0.5517408777491717
395,0.5052406979071995,0.5392252424508068,0.6481630347963099,0.7086114125526342,0.54796375946182,0.4844717918804782,0.6123513133891602,0.5291226955251421,0.5430786806395738,0.5520107992888378
396,0.5032266020635691,0.5400109526982378,0.6514088028756905,0.7193810001738861,0.5301769642792727,0.48691196446698465,0.6146285606891515,0.528062151870867,0.5429835849067408,0.5538493861831243
397,0.5011827816629388,0.5421181690808191,0.6532441974645843,0.7224894862413904,0.5164337385574905,0.4968699971850382,0.6223546250462799,0.5214086830342112,0.5429101120835502,0.5545096664776564
398,0.5002735098553742,0.5437270673867803,0.6544008864773637,0.7262972519923493,0.5062599729694218,0.5014694804442229,0.6255410511233274,0.5190882362790329,0.5427404999448239,0.5550542712825242
399,0.49962975782346913,0.5447693529628793,0.6540044678038363,0.7241025556121834,0.5003692323538494,0.5082908713504984,0.6307685480453439,0.5142968072819091,0.5426140785119321,0.5551236110290915
400,0.4992717954352508,0.5476683975148211,0.6507739474582852,0.7132692319908998,0.4867771315294389,0.5241881902722492,0.6415379267549965,0.5049464395704966,0.5424908222840454,0.5547076717755466
401,0.5002299925824624,0.5502725494711107,0.6478453325111384,0.7043281915860257,0.4785836905638231,0.5327883847265166,0.6464036931221151,0.5012232254574578,0.5425050347489476,0.5539920952954404
402,0.506342946182056,0.5482478255897063,0.6314260745989481,0.6565036795111298,0.4704787126508404,0.5467140669053964,0.6503375994161292,0.4995762141959972,0.5434601629829569,0.5521203481297645
403,0.514367818475175,0.5449663433273486,0.6216921535965433,0.6187460004167474,0.4714650962354884,0.5478353540857354,0.6416462313480791,0.5093882144635873,0.5456681680364521,0.5503441628249575
404,0.5166445159682712,0.5472533106165808,0.621004854738079,0.6138827836352418,0.4730054415735732,0.5483069309256285,0.6396094574359009,0.5103846819652496,0.5467362408180846,0.5492342368971393
405,0.5350559140558667,0.5336613864783954,0.6228332618896806,0.5713696842725071,0.48928578839681286,0.5270168120209751,0.5981463800275,0.5443587513285477,0.5531007107165692,0.5481656581401702
406,0.5408813202707454,0.5450333543168094,0.619499703631842,0.567624597246802,0.49909388170160845,0.5282215484852689,0.5914724419537579,0.5393909834323762,0.5600098703674855,0.5443083762879503
407,0.5681364614908464,0.5202005468354001,0.6397444121337069,0.5637904296627796,0.5310662393526387,0.4732486258213903,0.5103211391579524,0.5825421863361766,0.5690780255496484,0.5470817881709008
408,0.5834191934880838,0.4953382148011522,0.6282493051933965,0.5643979064573262,0.5434125991346612,0.38573460161767015,0.3886222304898018,0.6125536713480448,0.5704172769520142,0.5582634536595561
409,0.5821213004099295,0.49563748278324743,0.625680612844236,0.5611130257648078,0.538709301991263,0.3846034131558839,0.3871034926952991,0.6077243007091672,0.5728159827425026,0.5596118836242955
410,0.580745644308098,0.4959862005942063,0.6229887621640039,0.5581207996247998,0.5337950517896815,0.38366128486943146,0.3858223133646115,0.6027218891073695,0.5750031790626148,0.5611886139489098
411,0.5752304006976722,0.49835846393243377,0.602054786867526,0.5695402155910034,0.5206628316334927,0.38376841933324796,0.3838400845594887,0.593354026452763,0.5636068032025437,0.5733410288992475
412,0.5687245027410728,0.5026518691471445,0.5927111678745703,0.5868040026383884,0.5083544484046955,0.39158899518797824,0.3918499557522882,0.5837182431385614,0.5543841624777748,0.5840109022547445
413,0.5037296285886442,0.5762353037370732,0.62759247992778,0.6571819928745921,0.43136848552419343,0.515358595919262,0.5809641471246323,0.48654265629111154,0.5417231492423193,0.5931616354333578
414,0.5067729517200309,0.5799204438989553,0.616178528214227,0.5890090573198156,0.43757549291459374,0.5159174904055525,0.5833443105204832,0.4843788498299442,0.5641347910084824,0.5735870818294151
415,0.5087056081931058,0.5835237707573843,0.6149188683122522,0.5795474982932728,0.4410327865880207,0.5172949692765916,0.5806939475142083,0.48447881495294454,0.5676868135736272,0.5703610647434285
416,0.5151866027853158,0.5895221008356072,0.6120063807552063,0.5558692575338723,0.4516421636913402,0.5181729681803345,0.5736013389765428,0.48521606391841615,0.5772658600410498,0.5616565544952614
417,0.5631535451870496,0.5513780544398268,0.6295386832763934,0.4877927786617825,0.5064506603491752,0.4630012374695015,0.5106521106283757,0.5176281740647309,0.6234738057639553,0.5342439037072351
418,0.5665266886164857,0.5498821239283622,0.629202640005345,0.48617933956397036,0.5093298133501732,0.4595362917471697,0.5050297303504131,0.518315247442017,0.6258213603806018,0.5334587862653384
419,0.5812103274548592,0.5354920237790657,0.628177413569565,0.48516920980329037,0.5192415505670623,0.43797043858591556,0.4762125264651521,0.5251783755390498,0.6319372048396682,0.5344812610333808
420,0.5881547375718787,0.5289791345450864,0.6211171235278903,0.4836270665434981,0.5212396618650856,0.4274579646671854,0.46066238967610496,0.5244355390852361,0.633972821630773,0.5372275579690032
421,0.6003900402507423,0.5061547325223451,0.6049252008197862,0.500863592944617,0.5241197667123949,0.40615700041941155,0.4294024652357573,0.532481320427775,0.6186540022772989,0.5538486650145588
422,0.6044947432043778,0.4935366799620932,0.5644446456339535,0.5651368603403533,0.5170814323643118,0.41752757319255746,0.40193497636787473,0.5387422459287923,0.5542348350815111,0.6006112769474089
423,0.5934763244883065,0.5021218983292629,0.5589340776240916,0.5920589144935383,0.5031778127803017,0.4339130066636176,0.4041487315921197,0.5302196094711861,0.5364127208312394,0.6215152045940178
424,0.5600838608621735,0.5444875786549778,0.5727585437922571,0.6774273752415838,0.45461459404000526,0.48933651578772946,0.4413475358253305,0.5133078806098861,0.4887493950762676,0.6594339210073621
425,0.5422129468610131,0.5606204706529706,0.5817443917182937,0.6890740783985362,0.43080620750838106,0.5022696266731672,0.4578226591214196,0.5050837451291557,0.487418985121615,0.6658293581895149
426,0.5235403973317666,0.5745910232949887,0.5800064720137345,0.6919045510336802,0.4127333515929572,0.5125769563351545,0.4632149773105073,0.5013206126543601,0.4891340303677715,0.6745599995213494
427,0.5096622651552515,0.585512492801741,0.5807514325491449,0.6858949556579776,0.3974873837766926,0.518772304603359,0.4717455997321118,0.49694034636175727,0.49375366838315177,0.6763047546090621
428,0.5017938811392096,0.5966692700824378,0.5967715935384167,0.6006020551709335,0.381841992705348,0.5163688745099455,0.506704506682086,0.47832892362110846,0.5434679085516725,0.6389669901709734
429,0.5123640542711935,0.5999798198315884,0.5979933286992306,0.5502893981059889,0.3991054423816423,0.5184290810114407,0.5112862618085763,0.47534712778437127,0.5704268949568965,0.6136926600305403
430,0.5324920404447921,0.5969220441258701,0.6017978060627717,0.4964749895709929,0.4259671817011086,0.515375842880857,0.5144131510871423,0.4726553604586633,0.6023030729018949,0.5822296143905146
431,0.5452693947151339,0.5960805822034759,0.6007226889714049,0.47257486765795526,0.44275079404959355,0.5154728550471036,0.5128423584469911,0.4726095704169212,0.6162757824393816,0.5662107740181578
432,0.5625342442436492,0.5909038087473014,0.6001928869415066,0.44488292709125776,0.4634925473235404,0.5114620095576252,0.511070220040803,0.4723678999275325,0.634009880644774,0.5462217989785297
433,0.5826314416453473,0.5757517477997834,0.6020284270296488,0.41895215000511654,0.48664222094572274,0.49835346900508326,0.5090271014269312,0.4722785030575335,0.6537911690538596,0.525666211402543
434,0.5861626368993792,0.5764209274451431,0.5979288825142088,0.41340388114203674,0.49012567545199165,0.49935027567966694,0.5070378783103464,0.472249092788096,0.6560582486430343,0.5216340760263433
435,0.5948883961795497,0.5708451723060795,0.5922121506151943,0.4024043717280574,0.49938820957310776,0.49526056251728445,0.5038451708159861,0.47225070550220466,0.6625288700283238,0.513227151390567
436,0.5998041642656796,0.5641265704698236,0.5903016648255749,0.39859332675640285,0.5053143282283681,0.49019373881398337,0.5025777553056774,0.4723700240020707,0.6657315616310483,0.5098364032719794
437,0.6027959166661754,0.562252121077728,0.5853333869926295,0.39406965651131615,0.5082796372041344,0.4891531231829797,0.5007170693285191,0.47224008341343354,0.6673920845527989,0.5071402522690772
438,0.6066604622505525,0.556372466883581,0.5800382486110514,0.39047025409785546,0.5130451464128091,0.48531529126361694,0.49875408732168647,0.47217806632304465,0.6690392254826059,0.5051006963438923
439,0.6142718567774637,0.5230974276312521,0.571255239956747,0.39984771324844187,0.5303985838415871,0.4662881044387012,0.49419831795531965,0.4730393169894591,0.6654957663229916,0.5127790660057869
440,0.6151464236836752,0.4861431499888637,0.5529031714292358,0.4397076612029659,0.5524328204416837,0.46026526237121634,0.48476649459161847,0.47587946512527585,0.6365041538824489,0.5483779632092554
441,0.6125875231127735,0.48213829930087737,0.5297464154827619,0.4961837443411883,0.5676193860235426,0.48527221252116204,0.47331716585667616,0.47960091443709274,0.5850725059947779,0.5993108304373068
442,0.6002395367848135,0.5235323718693464,0.5052004383272902,0.5662731369164132,0.5482926204892822,0.534149003569684,0.4595370894283528,0.48516175164659947,0.5107175622123752,0.6593243910490849
443,0.5804592589614603,0.5517141252260869,0.49932071986124604,0.5901013960742441,0.513081596132562,0.5498699638189867,0.45512093267437265,0.4869760181149369,0.4836766606162945,0.6826603867289012
444,0.563202160554046,0.5641360682270591,0.497574424804081,0.597087246904623,0.4922087456606325,0.5530343086479061,0.45531683115059784,0.4869771528686402,0.47634331837323446,0.6952065214939398
445,0.5271140485435007,0.5812921426969583,0.49349447602227375,0.6017409080518792,0.4588597775779211,0.5542068529345386,0.4595345608493468,0.4876462234272164,0.4704349795100516,0.7154656983776501
446,0.5182935240863622,0.5844404816463118,0.4924131269141061,0.6020528658684553,0.45076531026498406,0.5538370862028108,0.46059727353659075,0.4880947566064537,0.46960343684794686,0.7194914459553263
447,0.4959949086013393,0.5906240690234384,0.48843515240949903,0.6003243662172805,0.440930275524675,0.5520565718097745,0.46776287693944507,0.4892930962959984,0.4687191302276419,0.7305485701806947
448,0.47099227042230324,0.5971240559700326,0.4880620491893258,0.5896399867056237,0.40227685290845394,0.5492693316326135,0.4650024176042791,0.4978220284440712,0.478357474230828,0.7264393574842845
449,0.4955841544170601,0.5944628033279037,0.5197395561775523,0.5149230582189852,0.3852876613669025,0.5475530763744041,0.45635465055577645,0.5151650569751217,0.5728554482309923,0.6510490659222292
450,0.5332367138593701,0.5853269307590397,0.5311354589689445,0.46548127435847486,0.41442069814049864,0.5452124846276452,0.457699237917911,0.5267349976121093,0.6199542645589007,0.5949095206048388
451,0.578756167349103,0.550911862925894,0.5503154452935257,0.4016514730203762,0.46196014978623123,0.5287834095550231,0.46804321135332305,0.5307145390179209,0.6787279868252545,0.5157809705298682
452,0.582350974345633,0.551413381437077,0.5427180445068834,0.3973291635684419,0.46682564190847664,0.5318766380120687,0.466519090817159,0.5394977049625347,0.6736392830771013,0.5097926991636231
453,0.5855756349180412,0.5518200922565744,0.5347894181599672,0.3936396462655117,0.4712792850749317,0.5344464445082426,0.4652141819795964,0.5485557420536067,0.6678090267784487,0.5043738227040014
454,0.5957804777012534,0.5222285254306587,0.5364400392187807,0.37793986573970123,0.5000027644505985,0.5236351567309301,0.4755363300894888,0.5483087017718282,0.6787572436309328,0.4818391128392672
455,0.597242468518823,0.5145983009632115,0.5320972080754947,0.37570004219250636,0.5091009708280096,0.5233444888193852,0.47823906878047723,0.5532407286605828,0.6751607494675609,0.4776529379397753
456,0.5976774665398777,0.5100798785865533,0.5289561499161838,0.37549093707920733,0.5145973921376378,0.5234362623279755,0.47998046380781967,0.5565720940880392,0.6718250255805563,0.4764711474344822
457,0.5917021099865464,0.49235883949922826,0.4978107259339613,0.45947309313759077,0.6281110492105935,0.5570424887522943,0.5566018702791448,0.5025704899206809,0.5892217136660236,0.5849729289434115
458,0.5885239477558932,0.5002640514942156,0.49560292231249825,0.4693827124051401,0.6277903213721365,0.5598191414447632,0.5611273106006771,0.5004013239892984,0.5783859773112051,0.599207948685243
459,0.5833380861527998,0.5063348380865983,0.49496211584008415,0.4786368216970244,0.6259161468851058,0.5602196546139426,0.5657754448226902,0.49942916042588126,0.5690326534104941,0.6132158871470663
460,0.5579972647200606,0.5492648069588056,0.4773927695117891,0.5175729907604212,0.594556090716605,0.5706035612013307,0.5760823635816819,0.4884066993586942,0.5178346250363821,0.6625878010831167
461,0.532176736089535,0.5653437855905551,0.47303152762498246,0.5324025272912225,0.564344879817511,0.5681063181906141,0.578873988061743,0.48883645455471764,0.4992825318447013,0.6819341687503112
462,0.48587648026925573,0.5797476238100204,0.47237301526499975,0.5445434607437153,0.5090525106268571,0.5584114093984304,0.5761391782014195,0.5010254839781938,0.48836150944730716,0.6949590756348588
463,0.46463775386577805,0.5827415297608668,0.47719655623212076,0.5446227103845551,0.4765122955962723,0.5527613240508975,0.5657142433573333,0.5176771134089853,0.49815271620695245,0.6886431122634918
464,0.45980173507414246,0.5829333319168939,0.4804501627611329,0.542360388660144,0.46626485093347014,0.5503788793413705,0.5600559241443245,0.5258966786084014,0.5060909287307629,0.6827183249327289
465,0.4593938631247184,0.5822131691408915,0.4885286736491457,0.5327576797357998,0.4508795882341095,0.5460778502954101,0.5447915842858607,0.544873038101999,0.5290328870918759,0.6629919920271048
466,0.4959620685623599,0.5748749517006483,0.5088241513894901,0.49447558934477837,0.438386053537768,0.543617765075025,0.4960991902058826,0.5795331083468017,0.5985632443203673,0.5921686405242084
467,0.5605911948986372,0.5297786474255645,0.5229026922981591,0.43211324379517835,0.468499419156626,0.5325055496138638,0.4554205101127531,0.6034408576359696,0.6640028428816482,0.4888122863190402
468,0.5762970540407566,0.4941066811015673,0.5223223297076491,0.41541149375466524,0.49658358840331224,0.5283905260345917,0.45979956857736154,0.6074692680828033,0.672621416127211,0.4639950522884644
469,0.5769869376014113,0.4926721103516748,0.5199610275385577,0.4161739861879855,0.49868740421929836,0.5291471302228948,0.46020411669930245,0.612611734301376,0.6666690340199272,0.46388353365222423
470,0.5778950497930487,0.48965823687518856,0.5174623589964216,0.41696711864666636,0.5020534629026839,0.5298191172583588,0.46137841217243347,0.6175461205885913,0.6607024079950703,0.46395788754821704
471,0.5807380641707561,0.46522662617521343,0.5121985714042341,0.4197744187374305,0.5276275886483488,0.5317587156128986,0.4789155667294242,0.6173591796977732,0.6522842298167241,0.47089623293300675
472,0.5799511712516473,0.46531809874267993,0.5077045645692533,0.4271511429796389,0.5282548798581447,0.5348129774821899,0.4802991602373623,0.6297376514442975,0.636304196409381,0.4767863674485195
473,0.578313621943259,0.455843601385378,0.49998703400847067,0.4412574999699782,0.5420113493842931,0.539320196712844,0.4956997695738713,0.63686621936815,0.6148919762686746,0.49537647697026954
474,0.5760749670574393,0.4491084830643936,0.4929029933351227,0.45483954252120523,0.5558730915005232,0.5429695677885386,0.513426375421494,0.6368425461231149,0.5972153996175998,0.5152995615495396
475,0.5721141506967699,0.4482298937755631,0.4876217341104201,0.4696110044581019,0.5595899748877264,0.5459799082010172,0.5241590776035098,0.6430525510707503,0.578671099463902,0.5318009990640743
476,0.5643364386221678,0.44964978902927166,0.48178463702511976,0.48930148654689,0.5563356305570845,0.5489498195904102,0.5328819697888922,0.6555217966512595,0.5556104432758484,0.5497268580965379
477,0.5423625101545204,0.4677725418062021,0.4614397109641436,0.5285179024594139,0.602120577144703,0.5506002802630019,0.6121975323606244,0.581974953201287,0.5044244250936061,0.6050067664872781
478,0.5256454416207885,0.48039337284398864,0.4657026285394397,0.5406899063411615,0.6005858899906188,0.5474845020623568,0.6280143672193504,0.556512692317014,0.4992717922944752,0.6145340524811761
479,0.4680445350740354,0.532682619034829,0.5164629737174296,0.5508290437428999,0.5610097872250178,0.5393229963707091,0.6667369592532036,0.5106846257592088,0.540169057041979,0.5923557609652857
480,0.4803645861334048,0.5515309973666276,0.5514092142085035,0.4858853750614057,0.48757930332366595,0.5524495996138199,0.6012991501231457,0.6146956137336907,0.6046745884016718,0.4691207386307329
481,0.4841377350356644,0.5490862551072311,0.5488517660840578,0.4811308849392687,0.4893777733548259,0.5448153966960326,0.5995310109434729,0.6215612611845215,0.598998466314449,0.46539767842429025
482,0.5392821379454709,0.49003579247986884,0.5069573095841494,0.475348632068996,0.48718023895862284,0.5493265869234801,0.4860955067707694,0.6788766803980116,0.5838491612402772,0.4775876312273015
483,0.5432212087322666,0.43350856093619794,0.4575449591704237,0.5157320710050609,0.5312086923158907,0.5506970973573212,0.5356532631608683,0.684485861446847,0.5286888129850913,0.5538282628241091
484,0.5323495725123252,0.4313577408502673,0.44623431216668047,0.5324300276289536,0.5427338588728261,0.5516118138587776,0.5675617685576415,0.6714343106666858,0.5049367224569663,0.5744537946813728
485,0.5227724098403392,0.4340801836409302,0.44142146071304394,0.5423452534923381,0.5545613267430768,0.5498006399726211,0.5943958531925496,0.6474411858216406,0.4911461284455199,0.5860983092638438
486,0.509619667375366,0.43904724037573,0.4431370771960975,0.5518870467600703,0.5610538158762797,0.5465169152850995,0.6139938779606758,0.6208001121225952,0.48489997847866945,0.5932342706616069
487,0.5041336699685092,0.4387536466317795,0.44406562362126123,0.5558470885425497,0.5589432527296975,0.5460231665360886,0.6153451951953279,0.6187540811115282,0.4841705323976545,0.5946500182202685
488,0.4985717741844034,0.43837359278550153,0.4450892687009404,0.5597149705091421,0.5568740189859436,0.5455647219101364,0.6165877949832539,0.6165630502739563,0.48372809603049416,0.5958607687057412
489,0.48886009669272973,0.44185672516960767,0.45113348360255967,0.5646297802847496,0.5607590818297323,0.5416217682246576,0.6258953667156221,0.5963319222271182,0.48553340849200294,0.5973230507161663
490,0.45758540769170025,0.46733781576664035,0.5090252683878729,0.5695534723652392,0.575301553629877,0.5192311081205438,0.6588602237086842,0.5121039414735087,0.5275121985203447,0.5806643853892134
491,0.4486106049546352,0.47196939496611406,0.5293193505860466,0.5691634094276543,0.5746598245558774,0.5130731737307165,0.6651387385285522,0.5019008269629247,0.542986591077716,0.5701025812674053
492,0.44365353964858817,0.47185500323810897,0.5384375278210543,0.5694523925268795,0.5737803758087441,0.5098100688213063,0.666869131459316,0.498974436883243,0.5495602988727879,0.5654367479241783
493,0.43607709240649134,0.48165698504843646,0.5762622904802396,0.5585311991319065,0.570825000391439,0.5020100118663515,0.6784143454404621,0.5077927547147414,0.574742184031745,0.5295568040376677
494,0.4368051099194359,0.4881061654975505,0.6017580573027815,0.5387321212746835,0.5629687133799344,0.501359815382348,0.679375121867429,0.5431856419736576,0.588647771987566,0.4823728279899262
495,0.4376632688824964,0.48490243036577685,0.6064604610676162,0.5327944417155047,0.5627026779923918,0.49720590406036647,0.6789253930007924,0.551613003023772,0.5852155922486992,0.4723132509436355
496,0.439158650632595,0.48366955438254433,0.6095339565404181,0.527557657985764,0.5616686671514726,0.4962519810544169,0.6755353571166091,0.5619366278510795,0.5834596263490603,0.46302557439086595
497,0.4450719987460435,0.4815527317922732,0.6110472036986252,0.514781825043949,0.5554174324625158,0.5009721765923505,0.6542689806811085,0.5940345885785269,0.5810023379689335,0.4407968987794825
498,0.44906668116722165,0.4787073553151096,0.6078597582915048,0.509252594363362,0.5507159571297592,0.505530936222763,0.6355010605880141,0.6119759574082051,0.5786522785205269,0.4325220278562038
499,0.45915021819204477,0.466499100536555,0.5871125249092987,0.5054560119054496,0.5351725380849897,0.5212429205469761,0.5755553554323307,0.6489183052648577,0.571066227075407,0.43161399088439295
500,0.45925261179738935,0.4654111630275067,0.584430299658273,0.5037183619397425,0.5355002141365213,0.5192514690889902,0.5725225156377591,0.6558827471171566,0.5621078250704694,0.4341227817542563
501,0.46507317595802145,0.4465914937541668,0.5475190672331625,0.5177052544840454,0.5164974344623797,0.5367015109673431,0.5138651694108405,0.6885507009871342,0.5441606189657093,0.4632051634409885
502,0.4666910638750413,0.4310047210870137,0.5133371198164156,0.5357333883919343,0.5020425770971331,0.5486908433758348,0.49151301610657633,0.7093038051938446,0.523821391613514,0.491528841580426
503,0.46562175030852604,0.4208003214581268,0.48638241646936564,0.5495345654162859,0.4930239613841738,0.555806787187526,0.4919813824074549,0.7228771886288623,0.5031050301678062,0.5107400795620893
504,0.45806336170922274,0.4134599559104433,0.4555486290842891,0.5626041383884963,0.48557830285127507,0.5624452458636376,0.5084319459627907,0.7368080398429494,0.47183655841161753,0.5281142948666084
505,0.45285760930200236,0.41511969868357984,0.45164091885607205,0.5624787279357006,0.48532354218033624,0.5632057237810981,0.5113695170109993,0.7415029568019793,0.46419033848730507,0.5299326278971024
506,0.4494742603823781,0.41456110107996,0.44470226592404816,0.5643131828607121,0.48399527528269326,0.5645957348806033,0.5166763868835734,0.7448247372711947,0.45607644877810083,0.5322294620477575
507,0.4427023291338813,0.40338352463723537,0.4081011621295943,0.5783957736007104,0.47784203837407074,0.5715585585006004,0.5603773570652216,0.7353082925445029,0.42375964152699785,0.5377305123900539
508,0.437798234063145,0.3973811355316577,0.3933821261332625,0.5840662366493854,0.4792451923430059,0.5742077607289582,0.5949031442071281,0.7054365899983779,0.41371542435999104,0.5350449470479602
509,0.43333745037879345,0.3934839752968694,0.391675377247404,0.5867334018539515,0.48457342945146215,0.5754330146307107,0.6204773737297916,0.6636349107419328,0.4177290605724234,0.5297708889409124
510,0.4340605850432744,0.39177577607861364,0.4221083316508347,0.5827936419605059,0.5075217754580608,0.5653078723915048,0.6587998689350533,0.5535051599776317,0.44842723438490817,0.5145917651853932
511,0.4316297034592407,0.3912285294760008,0.4298470689187648,0.583523583809506,0.5108826119433337,0.5666317173110574,0.6598349052309826,0.5367247823814513,0.4574147786918505,0.51028309323208
512,0.4294076646977865,0.3940746710217394,0.4771323073147654,0.5775942339102982,0.5318071953822998,0.5609422418450724,0.6694824561828363,0.465432146725217,0.49208178941693576,0.48529945760589793
513,0.4290785289063735,0.3979541942186254,0.5075096042729891,0.5698245004661764,0.5441551047153051,0.554472050623048,0.6744124383201524,0.44155054222911067,0.5066439009662159,0.46664495495934605
514,0.42883953153968435,0.4022229738527382,0.5324271559415558,0.5610030951241142,0.5542209142186513,0.5468934278487309,0.6792640555191787,0.4325218257602228,0.5150918335454835,0.44989508166001513
515,0.42762766619499903,0.40960186093106454,0.5661283096490347,0.5463199621193554,0.5678512620568867,0.5362292188235157,0.6843948376243377,0.4347484800089081,0.521896824352992,0.4246049645087026
516,0.42633218985018795,0.41413900839677753,0.5794210104068057,0.5413472031032999,0.5729157833708753,0.5379712227521876,0.6803929089536108,0.43868407654676167,0.5203024788929863,0.412199622905116
517,0.4228399438514595,0.4215365637217013,0.6009633445685351,0.5274810795765658,0.5826446989894676,0.5299604752352561,0.6765016210655079,0.4623630736535535,0.5200887329685048,0.3964837072831548
518,0.4174247442937479,0.43175690795797633,0.6167073329233219,0.5137290791674123,0.5917493316897604,0.5249682401418385,0.6616909712914356,0.49756986790882624,0.5153829121615076,0.38813867156070997
519,0.41564924633450995,0.43700688188685133,0.6187024308121075,0.5111134717990611,0.5936735820420176,0.5268157995524063,0.6534193197028091,0.5074604353285253,0.5108383299567677,0.387790970637685
520,0.4097214430745806,0.44644508425009566,0.6230883427710846,0.5038675393706704,0.599248046503739,0.5256896472442685,0.6318908267587823,0.5395506975289778,0.5052423702268812,0.39233535972475175
521,0.406752369304064,0.45104264224053325,0.6236924479582675,0.5013784076299305,0.6016088788837417,0.5256645074926383,0.6201637427783602,0.5548963475717048,0.5021413044016615,0.39645277543140517
522,0.4014029166474866,0.432275433029623,0.5010105551065516,0.567958499255229,0.5819162506248623,0.5659990122967128,0.5188709408584407,0.6819681680546548,0.40623445071235614,0.49876475047084917
523,0.41289032372748186,0.42222885717782727,0.4530153482749198,0.5870082073352282,0.5602913526769396,0.5833858152061339,0.5531703609334686,0.661646914826767,0.3720720520602842,0.4967815259972646
524,0.4209961760863844,0.41551160232789924,0.42625422335866925,0.5941802930497079,0.5460139532805569,0.5953537164914063,0.5788157880821108,0.6332013771995385,0.35999123349803624,0.49121337441611584
525,0.42843479978219173,0.4090823280144709,0.4070456143250002,0.5962601353019115,0.5338592422586194,0.6092123454461053,0.5996798386819182,0.5929531580669205,0.360686091623135,0.4826664527525037
526,0.4442607030241808,0.39880278355379917,0.39819833197685783,0.5986231054319825,0.513243955994468,0.6275305337599589,0.6313422952112726,0.5011996369652194,0.3820448980222422,0.46983470415539413
527,0.45016488677721406,0.39633861736165477,0.4131809182298133,0.5931262975966571,0.5107332058510592,0.6398224779184336,0.6390488657164095,0.43324494952930376,0.41089089029911646,0.4526922018107236
528,0.4507142889726097,0.3994637767462967,0.4431550813735798,0.5827523196879073,0.5174289967652124,0.6465951888890661,0.639940057263823,0.38378803884959256,0.43797754201257,0.42799702022552066
529,0.4456595406030808,0.40701010920741965,0.4776774169764403,0.5696756200641686,0.5300983084990147,0.6463475182380426,0.6371344807390472,0.3643251004470786,0.4553778355700861,0.40088830721080293
530,0.44121402221243156,0.41253830448815176,0.4946870996560929,0.5632662618078762,0.5375996768032699,0.6473644902541565,0.6311121774482056,0.3637445445226121,0.4606281178008716,0.3863920035012216
531,0.4377458899532439,0.4218837316675471,0.5031924782407882,0.56397778205367,0.5417193324362097,0.6666751531393116,0.6055274552540764,0.3633952979548266,0.45950170334860435,0.37065322945479606
532,0.42656024295714595,0.43137796133582357,0.5260094304502877,0.5530694473035491,0.5528559201453598,0.6603536219019741,0.5962573139954603,0.3793427666646644,0.461928221767367,0.3545174729406121
533,0.40412882799932665,0.44616338370278935,0.560118776877679,0.5335702367766334,0.574807603348882,0.6372769351727565,0.5813173063405863,0.4194987396445172,0.46339412606894037,0.3394986882884767
534,0.3696494342985149,0.4664952137537747,0.5941619744883767,0.5094511080655499,0.6111913275708007,0.5916276812537443,0.5484632113260984,0.48855949399646215,0.46127513153138594,0.34690582892661626
535,0.36160283876648686,0.4690386768926135,0.5560216093728775,0.5283355515360408,0.6870372278267699,0.5105435389174694,0.4783223158158575,0.5891843641263987,0.38789006225194284,0.4531021196255972
536,0.37517721575050006,0.4684625313788841,0.5343603714274036,0.5357998037978476,0.685057761918329,0.5183271616416751,0.486330151795249,0.582617349280618,0.367077394472861,0.45524465416207777
537,0.4413223253632875,0.44282775863814144,0.45344573314584685,0.5675092831329436,0.6314296625979962,0.5873482595998601,0.5352205700648852,0.50362795559352,0.32899479386744807,0.44305648419583954
538,0.45518518832290106,0.4379608093691423,0.43916487429140466,0.5624651445708847,0.6182427146757203,0.6126095027865588,0.5369957050955585,0.47669236563175466,0.33608922441001443,0.43114034713852506
539,0.46455049729193826,0.4339877811049286,0.431924992859729,0.5602192350930384,0.6058449807166572,0.6316360655114428,0.5381909272214433,0.45795014106934934,0.3428966207829753,0.42270687456727213
540,0.4696801971870924,0.432030163769699,0.4285118289956356,0.5564365309072252,0.5995969112914815,0.6443486954077952,0.5355851955544386,0.4471226271183754,0.34879293930302463,0.4155259947551746
541,0.47125145832344933,0.4319318899524052,0.4275533394108183,0.5515948056862735,0.600041432683044,0.6500144101022376,0.5302996455238186,0.4440887599252553,0.352544484093403,0.41056463700623874
542,0.47623635278765475,0.4299511627572179,0.42512729448322417,0.547634552811413,0.5928550552043218,0.6637718358299424,0.5268289333066112,0.43391357241650697,0.35901642374138276,0.40240171546329406
543,0.4914541309653752,0.4215222698442362,0.42230782644090975,0.5456344754089703,0.5428804885920948,0.7219945493832691,0.5299129931516073,0.38306071840386213,0.3847703371187339,0.36793734014638313
544,0.49188555719163496,0.421088216516066,0.4245630256653703,0.5433334928570243,0.5308432078696623,0.7375168399135059,0.5274833807387636,0.37071546115243836,0.3928409635082058,0.35448090095271384
545,0.4470452723524457,0.4419293985092449,0.4638657468511142,0.5258009806155575,0.5120689859084832,0.7643643345217782,0.5190889864911606,0.3464902831506111,0.4210481803094402,0.28156083952572347
546,0.4356799596811643,0.4499869919547198,0.46998292890183135,0.5240433569616054,0.5175519224235998,0.7658267717559438,0.5040322965672849,0.35028442298197504,0.4206296220026645,0.2709521864727635
547,0.3302185026410759,0.4883688534276078,0.5204572682706367,0.4972243562884686,0.6101042247561699,0.6670795102716044,0.47434663262335713,0.4173477905356668,0.42634014005437465,0.27565563195856074
548,0.32816367548076075,0.4942302381516981,0.5191237111983358,0.49911891105015316,0.6115538439564895,0.6660066568090229,0.46711019864065695,0.418439790713998,0.42225394065836797,0.27699561825276897
549,0.3174261627012814,0.5104759736970685,0.5178677058657833,0.5026882437489256,0.6218445045000693,0.6536883300879223,0.44849032135793404,0.4258816299721128,0.41195836231187677,0.2844333936220339
550,0.3156802003683528,0.5188393460147026,0.5151698668687708,0.5063427465030175,0.6222462791674418,0.6524415545911361,0.43951644127282674,0.4270420212408599,0.40554431415836895,0.28644900420873665
551,0.2663545653129329,0.5352955477027876,0.5385397244140829,0.49090598266879404,0.7107200021012492,0.5321233392561453,0.41302780933406424,0.46739375526194554,0.3901852252972232,0.3414378030967572
552,0.27235304587637604,0.5443752319732714,0.5408268978142363,0.4873585168720344,0.74738759796905,0.4722617538229416,0.40593390884770775,0.4740008529364199,0.36597126183538564,0.370063541350553
553,0.27431143397840113,0.550414596778038,0.5378510199733867,0.48834642725448874,0.7479443353248341,0.46991929455055187,0.4058451622793317,0.4737079883310941,0.361485243381903,0.37055358148155615
554,0.27777049622077365,0.5560550116297742,0.535247312964416,0.4892818264827508,0.7496658084278073,0.4651961555550113,0.4059760068771195,0.47321214488205304,0.3559484676720153,0.3719248040296309
555,0.3071199370452148,0.5598829909566839,0.533902271351901,0.48815584650091565,0.7632261521014073,0.4375004863506499,0.4098668259591471,0.46579642245735925,0.33252803363572936,0.38182509590335306
556,0.32173340017528396,0.5654689565639822,0.5302404929633661,0.4889275433530137,0.7646286859648889,0.4316549707218915,0.4127623508292655,0.46106746927458025,0.32308599348294875,0.3814700614887732
557,0.3346829504997423,0.5682067855460402,0.5281283785643579,0.489453274911499,0.7648534750949385,0.4285765354412326,0.41528664074619903,0.456587528494779,0.31634011267501827,0.3805705835995524
558,0.4036535088102689,0.5570267390179091,0.5273945966204611,0.4885535879773832,0.7583042359685732,0.4358521786373724,0.4281597255345589,0.42730967714585205,0.29111130692008785,0.37647463787899443
559,0.44362935037264434,0.5559135708576928,0.5214835202144954,0.4890680209951938,0.7487496062366203,0.4515427583836678,0.4311144131249711,0.4075656193905603,0.2840926960791936,0.3632333609027955
560,0.4494774605908761,0.5598453279624352,0.5183990611068532,0.4899578007694128,0.74719250611451,0.45319800516036374,0.42886306302853117,0.4048574007605174,0.2853471733826209,0.3570037849245232
561,0.540104990368004,0.5332318126343398,0.515463010342272,0.49039771776213426,0.705288493092232,0.5292479897954845,0.43471719062083614,0.35560628662602434,0.2795217775498049,0.3258457619985976
562,0.5445343358239148,0.5340097396061078,0.514059770362905,0.49072235529235714,0.7032000283456997,0.5338568067649188,0.43033674025322693,0.35311658924057343,0.2818344477873226,0.3194506933864404
563,0.5493709765843882,0.5356955268104,0.5120921536748461,0.4915698258913066,0.7008878527024398,0.5390363218071664,0.4234157596854787,0.35041143081140663,0.2854610897030072,0.31047169122831897
564,0.621192150456221,0.5050049216488438,0.5101237148490959,0.49279007037841654,0.6296351522468746,0.6549947143485492,0.4169073299284442,0.3055105348582449,0.2943211735350838,0.26104578892212205
565,0.6394973958750033,0.49557569959053077,0.5083408965863863,0.49415229572505737,0.5844988427002051,0.7154702899657694,0.4143880621558049,0.28887058298700785,0.3009696626279401,0.2347969350529731
566,0.6417217729798798,0.49466127069923893,0.5072624873115245,0.49488068762318416,0.5661703619277985,0.7403792519574937,0.4051641593308874,0.2839404245111833,0.30480421348772574,0.2189595821785674
567,0.6418596972947807,0.4947206156263143,0.506974573137085,0.49509952348040376,0.5610915052832132,0.7476782202263642,0.4004457000358698,0.28291307334286936,0.3059947311596869,0.21326294094307272
568,0.5969818259851335,0.5155905946791051,0.5012606593786828,0.49971880636406174,0.510254945562532,0.8029201181566844,0.38133560259902954,0.28482168747682485,0.3154958572630877,0.17765784902369855
569,0.5922781287595905,0.5156558923262046,0.5023124589170538,0.5006913033536968,0.5079346201289957,0.8089085248515502,0.36208997325063513,0.28552305757669694,0.31299232412298034,0.16903414567069378
570,0.531157774695566,0.5396121385755259,0.49779393258270377,0.5045767134515241,0.5117568525332323,0.8028414573701765,0.34806724177384807,0.2991886735298109,0.3143189859047896,0.16539435634202262
571,0.5107274500675459,0.5453619690064844,0.4972204899230288,0.5065167719822192,0.5168393043616216,0.797502972236178,0.33870183950711324,0.3033122279741308,0.3121966157537157,0.16564709740591727
572,0.48461939167869744,0.5523695998403595,0.49622975515011375,0.5089560520283455,0.525564377135295,0.7879112793704509,0.32973107074570884,0.3082697292535894,0.30964368211827564,0.16804062356354138
573,0.4237226159748367,0.567523048148347,0.4931437554753153,0.5143906480574246,0.5534932919815381,0.7564378692055127,0.3170545551876658,0.31837560734725107,0.3046571104616145,0.17906010438373407
574,0.2860466383923242,0.5964850548373569,0.4838157606177032,0.5228416194628852,0.6445350000523146,0.6441093122209106,0.30545285035426234,0.3335005537687821,0.2961111140691567,0.21716609846387055
575,0.23931748546527784,0.602414313434297,0.4814400337874471,0.5287987104112796,0.6815442996547586,0.5854909705371445,0.30269507274863044,0.3352475643676057,0.2886492320257344,0.23562682949876243
576,0.21352357405694172,0.6013410957869509,0.4816049249474135,0.546293388938449,0.7001395009221151,0.534071881826254,0.3045442153173412,0.33326308060333143,0.2759715643237589,0.2518594572308527
577,0.20149526593284567,0.6003441062921945,0.4805086786495037,0.5569423635698877,0.7112502284381135,0.4989466538723695,0.30768876219539204,0.3297313589140894,0.2686019529504854,0.26083019308072325
578,0.20331606131956773,0.5970024219886645,0.48172417774800047,0.566899039877535,0.7059187468228049,0.4937118864006589,0.3109374080202351,0.32851481659129184,0.26472676631187936,0.2626904644431613
579,0.20034416196527477,0.5953018712808166,0.48074516094676845,0.5749560024646336,0.7090910087314322,0.47465199735000074,0.3141319269365121,0.3252052288622248,0.26030066946458347,0.26677509848328895
580,0.3158049149623749,0.5827062642617226,0.4881157077538283,0.5815455151589594,0.7460625269588317,0.31857419477049753,0.3324290971755774,0.2588127503496172,0.2325967285219156,0.28275594485027733
581,0.43781300108240984,0.5635843798589515,0.511802290197187,0.5780678524731816,0.7137576565394734,0.37962078031286345,0.33141625522780477,0.23749059025687413,0.2361241280219857,0.26194729851347776
582,0.575638344077768,0.5280564882431914,0.5517041341879648,0.5547736132176065,0.6539645857105665,0.5349858049896382,0.3246447782530823,0.23482717902589878,0.2480411239070918,0.22589355202186667
583,0.6275332778185064,0.5133496736675721,0.5748314305409857,0.5397377095733377,0.6075230109847873,0.6281375275928791,0.3166043479353571,0.24568646404327704,0.25471199025383784,0.20310900152973682
584,0.6471415866084373,0.5089106993988946,0.590702931076444,0.5303616627955187,0.5691191649900955,0.6886547997445276,0.3043934837812064,0.2586087856562354,0.25687385042483124,0.18603026526883243
585,0.6376823114679575,0.5147386305184353,0.6072762254822371,0.5198744467184637,0.5281485182024099,0.7387249208464003,0.2939357397040284,0.27812229140011013,0.25791236473115187,0.17322466485056653
586,0.6347624221610261,0.5143876980613697,0.6093085964690933,0.5202240933547719,0.5249668972039299,0.7416951512056474,0.2888087658439499,0.27968033371870565,0.2552712982447394,0.17249534507402303
587,0.5194533010977,0.5482286677070488,0.6083688493514449,0.5256284138389578,0.5313893675855004,0.7200932233268486,0.27805924998511494,0.29746495218347674,0.24825451880902302,0.17898307340655015
588,0.3629361722639795,0.5726545253454228,0.5812138636627485,0.5541068236534036,0.5995871455856064,0.6163338656283108,0.2769018655178788,0.29211978860833654,0.23442034026871048,0.20443187531848614
589,0.3005495503114292,0.5757560051517051,0.5639335964146476,0.5726340563850618,0.6314286119273207,0.5555799267215268,0.28061016414231416,0.28317148634969497,0.22683127767878244,0.2173981082589023
590,0.22866655335290428,0.5793026440345513,0.5320374047358579,0.6017711487320263,0.671807800453072,0.45728404273333956,0.28717806802213547,0.2647768927422942,0.21763027494128093,0.23363469614634033
591,0.1938735933656927,0.579927313574164,0.4973571614009889,0.6333432585376376,0.6969665377596285,0.35538721526133843,0.295142172027991,0.24130276224148003,0.21117417145261602,0.24637672997209764
592,0.3112275979498613,0.5675496053790083,0.4789977410015536,0.6599966722773775,0.6883559337028319,0.3051682698543915,0.3025001871932703,0.21109589992764421,0.21866752883977228,0.2458162474518529
593,0.37957626738359845,0.5577250919298519,0.4943345867876002,0.6582045674061976,0.6679203151655225,0.3518598002835327,0.3007973331397033,0.21422775493433832,0.22456119155012952,0.23708854906865673
594,0.45910318149328505,0.547022083559486,0.5197760194743873,0.652670062403959,0.6332427056434301,0.42646001961712066,0.2927833991308205,0.22436008575754815,0.23014937791232357,0.22273199095473675
595,0.4975428782186223,0.5455220949646314,0.5332898248859411,0.6545822254894181,0.6035856433343594,0.4684347150677871,0.281509157224763,0.23177969778738322,0.23050940617148455,0.21334372989652517
596,0.5141385554428838,0.5471145069577191,0.5385282226539584,0.6585893977148726,0.5842880220493692,0.4872563059353971,0.2729778511855037,0.23550894875216316,0.2291783023511179,0.20944840037585458
597,0.6484527510529816,0.514364192471238,0.6440166599279539,0.5672579007627507,0.5080562334134636,0.6413795337499169,0.2663600696624888,0.26930877137230064,0.22460368361043986,0.19230438927886567
598,0.6510548310729399,0.5158485856305515,0.6672728872466096,0.5467711071562195,0.4978690717578754,0.6515264035766618,0.2631131634472154,0.2730188634714521,0.21754990819372746,0.19760116222895524
599,0.6040775024214332,0.5340438272375169,0.7017277109134935,0.5152284860381136,0.5107094992434412,0.6224685902377355,0.2608903709496725,0.26641441768197444,0.2065296694065176,0.204063774858756
600,0.5506867917830548,0.5441967983909708,0.7066679639224847,0.5147877345185121,0.5320105296704961,0.5822844906496806,0.26269378303609625,0.2567368480223013,0.2008670776079779,0.2124340863654213
601,0.5229582956039012,0.5447827695488225,0.7077836906556885,0.5190831717665148,0.5424141545386723,0.560078952520739,0.26641974911922395,0.2512561153746252,0.197888618048804,0.21939920385575515
602,0.3414212983077018,0.5677621902338669,0.6496124057768565,0.5826663359868083,0.6039198218082787,0.3985975042539535,0.27030904605202727,0.2150597874657875,0.19816941985461103,0.2340731681762005
603,0.3055029536154715,0.5489870956830241,0.637414989887354,0.6143707368881707,0.5958650455900234,0.3595754601994287,0.28056360583556766,0.2090166824585687,0.19970481398542825,0.24316492665119044
604,0.23252343779160278,0.5485196279405833,0.5246893924484054,0.7177393132157219,0.5960529765482111,0.27017243150011855,0.285073763028144,0.19729463318734325,0.2195469082276009,0.24837525478369388
605,0.27556775405783346,0.541740692911629,0.46644619471530857,0.7716692272493224,0.570379803407571,0.3038690853207651,0.2852655009787982,0.2160690408755481,0.2385901796890014,0.24508425470739337
606,0.3171769528365531,0.5352881883039744,0.4643793926254279,0.7770083225569027,0.5566411760362227,0.34471495587312434,0.28531747337051994,0.23006873135924466,0.24412116481968218,0.24257073299284734
607,0.5464781549644655,0.4984395630061297,0.6322318157687429,0.6455048579642727,0.4850428728235547,0.550777516822295,0.28478395429471887,0.2924968377176203,0.23804166225875145,0.23355706591428177
608,0.5644125490361249,0.49902900458032823,0.6564209833408156,0.6215354881053109,0.47600125534720883,0.5623926327596563,0.2834302929664943,0.2950519936978345,0.23278356205492254,0.2364186748813566
609,0.574268561686109,0.5053322518274509,0.6688518472542405,0.6048753008013383,0.4672987575380633,0.5677370783272405,0.2842648692300253,0.29578497080964133,0.22483302668987504,0.25237118882083
610,0.5811187270479012,0.5074869870156438,0.6774407420294717,0.5932081670562244,0.4649024199341414,0.5686537773387407,0.2863895571277135,0.29461247987327394,0.2200576335309689,0.2610158980075807
611,0.6053323114806353,0.5074111652161446,0.760000977523845,0.49983803468911453,0.48211780517617703,0.5278636972559405,0.2936378169079871,0.260259047488535,0.19128597714618137,0.2752242920368949
612,0.5637592078878536,0.5051960856460054,0.780474596026885,0.4892273730137696,0.507401670658281,0.4640375866001065,0.3124503364873446,0.22932784596417027,0.18345175700760513,0.30396739801543643
613,0.5266303530916177,0.5068258673063877,0.7699716145793556,0.511303539944593,0.5229848616792483,0.41632898758864917,0.3179619899120498,0.20825663316247428,0.18689145800884704,0.31143065101824124
614,0.4585419092244845,0.5068174531951811,0.7237770373536508,0.5748598428759987,0.533606493425685,0.3502002017136026,0.32343488533276527,0.18922250003130286,0.20596145302182645,0.31857973478143814
615,0.4203512167399946,0.5042716109899689,0.6826091181357445,0.6214337892377848,0.5317889469499794,0.3229006159679285,0.3255703385655573,0.18710157893615723,0.2226591719018336,0.3214325704105693
616,0.3461080966312341,0.4932600914010918,0.5601180436084878,0.7405623078655096,0.50197034116803,0.3025021286568484,0.3217525819673825,0.211068789266322,0.2716334967155013,0.3199202027304055
617,0.33606860373612873,0.4846404291239814,0.5309830668358425,0.770802173331542,0.4837795594449933,0.30903361885365144,0.3190892823063824,0.22280263422976984,0.28304473617288817,0.3197904250547333
618,0.3262211890269611,0.48143279855657917,0.43794971901730034,0.8459545810607028,0.45275228474313556,0.37018214354092516,0.31287671270697776,0.27871902464280196,0.3245167972163256,0.3111147060203356
619,0.328219225368977,0.4800305862321958,0.435822799654388,0.8523448213775947,0.44199172232519884,0.37658625393890605,0.3101922178618807,0.28469964999366354,0.326494338159598,0.31038395203475105
620,0.3315394216075446,0.47776452910772704,0.43414265381945305,0.8633144525161499,0.4193359856575399,0.38563021370188866,0.3036703815304767,0.2944893066271998,0.32888247920884234,0.3091594875947803
621,0.33430498430893907,0.4763761340290595,0.4329471632164817,0.8686965434201323,0.40730498930630527,0.3913317847723054,0.3002458408266265,0.30082328229122796,0.33037462484529667,0.3085050486635124
622,0.34315206767042716,0.4749737818313594,0.43317709898308315,0.8710784018442899,0.3979627759437771,0.4024131945414759,0.2996822200951317,0.31107258726303766,0.3325872384484164,0.30793795591828393
623,0.35400792325048236,0.4751187386292161,0.44022752101122975,0.8687236025414166,0.3883666636761556,0.41141861862788676,0.29915160481233,0.3206702521560837,0.33328287315805694,0.30810198232925506
624,0.3997081580140363,0.4709443332415552,0.5084002407371639,0.8231378731680247,0.37894196599141267,0.4210640216020682,0.30863462292633603,0.334338452032666,0.32280038321354154,0.3122980904562243
625,0.41777441171369945,0.4754450491287088,0.5433150370148626,0.7945338644292337,0.37986057475078416,0.41938923454558663,0.3127347813226381,0.335965445467487,0.3164559951532853,0.31729068836066465
626,0.4611164535401264,0.47472010094589734,0.6356537986238191,0.7106032860356518,0.38457648403375927,0.402753415111436,0.3229327682772936,0.3278907336000679,0.2945466924009929,0.3264764091123541
627,0.4899807141456684,0.4769045968996855,0.6994565937312689,0.6378359466898023,0.39341616174668465,0.3848441117800136,0.3298851347712991,0.31555493660106865,0.27696968869250116,0.33564383229578243
628,0.5283947032703916,0.48112737079780565,0.7879548513015158,0.5096478021739944,0.41075385706459355,0.34849442280603943,0.3380221511900396,0.2856469224495913,0.24832103822030926,0.35212159847089114
629,0.5442782362701791,0.48653105845569905,0.8428488960560553,0.4082247092290223,0.42622479409292574,0.3120005272264798,0.33994740662404804,0.24993793354434451,0.22944827981415514,0.3719328193224603
630,0.5134642756597185,0.4912440392721329,0.826179261864446,0.45246645030076355,0.43201379508398785,0.3039471208283077,0.32976858004800963,0.2316538475527354,0.24851062824679707,0.3780966591253147
631,0.5102422050811424,0.48772891717979294,0.8272477544706953,0.45563034977931605,0.427967012571952,0.3054090923910309,0.32839788229027345,0.23264245792970484,0.24947574032775735,0.3841905357424419
632,0.4977657602211561,0.48452568413833136,0.8126964689933165,0.4878125745393996,0.42407101976133965,0.3121797769338957,0.32427847101395685,0.23559886985555656,0.25909490218885045,0.3888451250207251
633,0.48057869616005544,0.4804814222879021,0.7839515819187669,0.540323062441933,0.4195605393575535,0.32433269808323556,0.3183702912288689,0.242086897337017,0.27480280815555647,0.3917814834819431
634,0.45150957283413173,0.477514918155604,0.7108196315661928,0.6391229786953649,0.41719226458637426,0.3499854957031683,0.31047129249757965,0.2570675709173628,0.3067703802347296,0.38821173561248423
635,0.43223932671354304,0.4716162314767609,0.6569335141365392,0.7006305539854184,0.4106723066243417,0.36815570140162973,0.30342418692601936,0.27078567689253696,0.327777521514604,0.3867586264977673
636,0.37797374448130927,0.4685936699460843,0.46124465300503265,0.860042502142536,0.38250893929372265,0.41774476109729664,0.3080086073323187,0.34319355774837845,0.3988014089231661,0.36012492148667236
637,0.3806583694653363,0.47145313325351984,0.4776646552741492,0.8486900264789996,0.3848136497014486,0.4138476666012213,0.3106331378839938,0.3455876997384955,0.3955445709877532,0.3611598640846428
638,0.38033436497711415,0.48210778107633934,0.4812662729192358,0.8385578078021356,0.40024546273919803,0.4138412920580943,0.3120690832848073,0.3512858097231287,0.3961796756563004,0.36302759101886606
639,0.4057965238607372,0.4828479870933203,0.5816657270739694,0.7590706886992828,0.409354403994045,0.37669557289403593,0.32949211080661744,0.34059431289815834,0.3672400386129987,0.37072237890775045
640,0.47972454863244257,0.4806283051583387,0.7792663361041191,0.5185074828591466,0.4285582152341143,0.3157268185989826,0.3525497664431676,0.2916929039472544,0.2934866659459022,0.39611917762258314
641,0.5155792005883496,0.48427775112201626,0.8347676298226814,0.41333816165840365,0.4374472528826815,0.3110708444387341,0.3536443230529029,0.26737462596819134,0.26555186315039087,0.41164521156449646
642,0.5224151889584642,0.4917558769837652,0.8388074564909416,0.3949715271650434,0.4386838390035131,0.32693152857499036,0.3466621852086757,0.26155039104089567,0.26238925182461426,0.4346660350355211
643,0.5299681768696678,0.49296836727165494,0.8224164372422418,0.4384401045610697,0.43924685712763517,0.3599118110721035,0.3359355178075494,0.2656973731277626,0.27506750766677585,0.44525622286721783
644,0.5288048260669403,0.49336713843009516,0.8124919021964344,0.45943333611612736,0.43746567485078003,0.3712364645756641,0.3306323432521582,0.26912162983747007,0.2816454828807049,0.4511208389408242
645,0.5272702715718075,0.49324956953309795,0.797990042509545,0.48840671878788633,0.43591941889476205,0.38462433728790874,0.32445659189885784,0.2739425989551797,0.2910323364498042,0.45632342911816787
646,0.525063564344813,0.49247416743213884,0.7773827696621657,0.5258314151257193,0.4347575415335279,0.3997333175050937,0.31743246143355036,0.2803133453898301,0.3038568915825369,0.46060759216422625
647,0.5202642884956523,0.4896232274778759,0.7271691933563311,0.601370368179244,0.4355365067715581,0.4251751011280579,0.3068902334571937,0.2928774018267365,0.3330488267319164,0.4615437417387668
648,0.47499027083912093,0.480803550979683,0.4848078953241557,0.8190447633106488,0.4290483514919541,0.45618176410808864,0.2884745764242494,0.3347147597553797,0.45111892166257195,0.4301999300345987
649,0.4330418389487271,0.4881383224983283,0.4838459795298155,0.8276227761703744,0.4179687536617791,0.39333545057460595,0.3042770502776921,0.34317121189616323,0.4715654561726112,0.41003573224156037
650,0.4316413577939107,0.5047948156211854,0.7202849096617976,0.585608968646686,0.42641844396819334,0.3134259082368925,0.3401437313489233,0.3049429240636163,0.38159580874288435,0.4386336567373585
651,0.43650135297395914,0.5171819782264354,0.7379704295469405,0.5420236741482338,0.4390580676309954,0.31447343723034615,0.34307875339254834,0.3002096906299768,0.36668523521429813,0.44669050987074466
652,0.46849154216091843,0.5213286627201651,0.7967115876047607,0.41682630563704365,0.4457700106470249,0.3301725123628421,0.34830908146206346,0.2833232435399525,0.3086242739101753,0.4681829169790256
653,0.5032529347276373,0.5221237510909379,0.8058815361925837,0.3990345597273025,0.4511992229974102,0.3733391971954303,0.34359627276085963,0.28219304925883687,0.284463244212942,0.4812894399842564
654,0.5141602030502354,0.5247454441171173,0.7974487242991911,0.41532016877604994,0.45292062531234695,0.3945275459588474,0.33823171886703907,0.2850848324224271,0.28419889509192264,0.4882416106551528
655,0.5422340136409406,0.5193274762205593,0.7582673535241574,0.5024201743682839,0.46397974219221977,0.4495385038316111,0.32698905376470283,0.29815292806629295,0.30737876968799605,0.4904064012010559
656,0.5415983528200816,0.5218957766300826,0.7460533311976874,0.519348127352995,0.4625472114306836,0.4588762449304533,0.32009882207612583,0.302057650096486,0.3129893996235292,0.4986821918809106
657,0.5577206684135604,0.5081990435429089,0.5970504863249804,0.7023525017436648,0.4754746821062135,0.5068615047153617,0.29839156774310055,0.3278461038342844,0.4115337767039363,0.4838099145798572
658,0.5528034609720088,0.5055906492890653,0.560621965922501,0.7343821698017832,0.4753932271764164,0.5049484624812139,0.2932010047702942,0.3348518682980327,0.43475594930132133,0.4812474018661539
659,0.5225412454825844,0.5035486702198548,0.47334958264442917,0.799457666033696,0.4646877120685278,0.44836244333580966,0.2904320098811828,0.3456392670376056,0.5027848145810521,0.45313829758943447
660,0.5204313370860035,0.5036755377497936,0.4724839906114014,0.797789939949034,0.4703611341824788,0.4462127892621819,0.2911895911318353,0.3495296370085998,0.5033081559983219,0.4542818532496926
661,0.4941355996971626,0.5115024305063461,0.4905362930666921,0.7835270518494822,0.47171206007476035,0.3895755772450587,0.3013856118328008,0.348875312393551,0.5148879000171878,0.4402457962313464
662,0.48632299489456876,0.515856326008236,0.5035237758436607,0.7698365178772287,0.479691216907041,0.3750428584656087,0.30623227463915004,0.35019732380763824,0.5137804536956849,0.43803266274832653
663,0.4697508591241739,0.5254583461379161,0.5473537647725837,0.7308547778637814,0.4881777436748496,0.34511021432730277,0.3176629409712835,0.3458551020818471,0.5048572464037205,0.4355758946279877
664,0.4553452603916507,0.5371957856953389,0.6049867298316737,0.6701612211073071,0.4989131892384547,0.3262588010219637,0.331384597250602,0.3391754686265598,0.48490820565948645,0.43977077295592204
665,0.4479805966673314,0.563143775020381,0.7016277312054031,0.5196108063047868,0.5128542878040279,0.34305417562325247,0.35404723495392787,0.3269801068665957,0.4206011147168671,0.4676532999309449
666,0.4618463920182491,0.5675354197698887,0.7330049676030419,0.451433559296723,0.509335907088235,0.3892844222892863,0.3642506654896022,0.325511438349492,0.3729072807548817,0.4883829245470578
667,0.47326327223296993,0.5754587820898257,0.7312438395235069,0.43617556722276263,0.508388030873081,0.42009353388171655,0.3638791876945767,0.327937245959234,0.3532646455670483,0.49978540446241443
668,0.5870620742919367,0.524344022548901,0.5374922716387008,0.6839943857522256,0.5561509433520277,0.5781814988486129,0.3290696411352503,0.37963362230272907,0.4467293220202841,0.5143706556884813
669,0.583840265239558,0.523568140507911,0.5266933866876297,0.6903067829337733,0.5580142725213338,0.564938334046737,0.3276488553089464,0.3822344927416896,0.4571531629566357,0.5151447599357856
670,0.568533689182141,0.5224521659000578,0.49062257014168464,0.7090609440234983,0.5591630887023167,0.4840100247478276,0.32128890844983293,0.3857484656569378,0.5046621508326004,0.4999889836833574
671,0.5614990588169139,0.5232645495583692,0.4865144579405558,0.7065165767116243,0.5627501011169921,0.45895225870637324,0.3223200548902162,0.38879153335566047,0.5148853202565824,0.4959001657921446
672,0.5511568214461058,0.5255630933110198,0.4857815123954176,0.7038624582345604,0.5641319488746199,0.4220511067315993,0.32240612251837847,0.3882612962839096,0.5289532230554473,0.48589087484497095
673,0.5371497676051049,0.5302507320504157,0.49327124640623776,0.6912857000952257,0.5722132478503108,0.3853010133032178,0.3259806249969712,0.3903691550430134,0.5398760962120704,0.475093165751153
674,0.5181253726685568,0.5397188581757996,0.5137740286881257,0.6638006550087332,0.590362197346264,0.3541858426380457,0.33387489753839367,0.39509416893299615,0.5456582985268634,0.46331454378026704
675,0.4790772111137752,0.5688698651579411,0.5976344425000683,0.5690905709145194,0.6152228305044641,0.37107415059384985,0.3664434305536277,0.397488177061999,0.5221941181900865,0.4617004323582621
676,0.47894330045404515,0.5765084186600289,0.6574463315032121,0.4847190611377282,0.5732502785026155,0.4915257692320971,0.41498244847695487,0.40530557924139754,0.44702777993235415,0.5068217212786261
677,0.4857333454359203,0.5795933152909969,0.6560013545458772,0.47885431208532664,0.5640962496292552,0.5210566813984626,0.420146625820014,0.40893382492429675,0.4286460049760432,0.5171545237517202
678,0.5282125317627133,0.5712315635458279,0.6255617428620222,0.5084183524880209,0.5568913445246517,0.6388877746165705,0.4310799432554855,0.4158367980872215,0.3739250400733439,0.5510714459755318
679,0.5247141772600723,0.5888352952155274,0.6005177087952441,0.5174766705104239,0.5574251778052546,0.6395512686975476,0.43443474394656645,0.4166048127791829,0.36739495779668857,0.5749664809521502
680,0.5247638643152909,0.5928725716958595,0.5925735732346,0.5213737180332947,0.5588522424332706,0.6413017173954011,0.4370027361493177,0.4158503595582798,0.3657072928518015,0.581089597698534
681,0.5354819160024787,0.5906208444671677,0.5710542291128974,0.5413593400433508,0.5748226125293924,0.6589861784041544,0.4410842775969927,0.40803352482934996,0.366025968528539,0.5897247935974688
682,0.5550518900352197,0.5801495999833266,0.5401287083877068,0.5698584424562445,0.6012761344911935,0.661467768707866,0.4468154228397212,0.39472560265921003,0.38907393487462005,0.5964419097964831
683,0.5830091470976034,0.5625215828346808,0.5152737999916756,0.5937259817886109,0.6110301518996721,0.6113362510589881,0.44209370192721,0.3842209891469267,0.44663229316195197,0.5844266024153036
684,0.5862409016867168,0.5563748770016982,0.5104516567735136,0.5939574885702052,0.6091481334439824,0.5809121339728283,0.4469154473953076,0.38733510999991044,0.46857620871536737,0.5830378346344627
685,0.584223159709019,0.5548340898514503,0.5099913601327624,0.591273633027176,0.6091593109725179,0.5721138520363477,0.45177713320040586,0.3904543041042142,0.4729363282673939,0.5856022242553542
686,0.6009151611951724,0.5321295438030809,0.5164785398272919,0.5802641475846648,0.5937893894749602,0.4444151322080028,0.43813313450429014,0.4159005978656099,0.5744717558127809,0.5319458611225982
687,0.5997308857286247,0.5310640099611839,0.5184326470761397,0.5761679296973803,0.5956273003110264,0.43950620518081074,0.4381084949266103,0.4208812591009509,0.5789695665288516,0.5293270734649429
688,0.5869005607065777,0.5340523369399598,0.5431007266431537,0.5438284766180149,0.6227253213705433,0.4415502030689396,0.4294951652515056,0.4567509557576413,0.615690878661478,0.49391532986929193
689,0.5676615081117461,0.5522380095989987,0.5604189484803456,0.5167356963040959,0.6349992485024666,0.48655154495109526,0.4334115589496093,0.4846058599074097,0.6098212429069161,0.4944620340526422
690,0.5522355396634566,0.5711351536379171,0.5669224549740682,0.5029563112339843,0.6203894221302924,0.5175392763950726,0.44337286394100894,0.5005211511159869,0.587584561512426,0.5101080352251356
691,0.5497809780210761,0.5813751019226996,0.5625434042162841,0.4989124125541995,0.6155269704678975,0.5256303277419756,0.44306013470008354,0.5083391907731195,0.5767781542726803,0.5126422928994042
692,0.5491312746927158,0.5916521288763338,0.5555274040529372,0.4966833716532192,0.6123117518475816,0.5309425208861017,0.44132792046309083,0.5158897777603406,0.5672754418872804,0.5120681123039174
693,0.515856274296188,0.622034795652444,0.5429010573894296,0.5092539649112913,0.5396365692191261,0.5718398353423657,0.48962783302847895,0.5008377416348798,0.4787021514358834,0.5639753873883377
694,0.5121765923054292,0.6261688139827708,0.526947597283763,0.5233177970890546,0.5370649500685633,0.6037329431552074,0.5131332039671904,0.47795348102982593,0.43499845015522687,0.5847902723901139
695,0.5465925015455453,0.596927299708133,0.5051014527543423,0.5464195258840173,0.6138739540793401,0.6673930587073044,0.5313963209559212,0.40861786905706615,0.39948588013290215,0.6026778695795079
696,0.5754061760784276,0.5746681744880565,0.5047832253181126,0.5476995838980137,0.6237299262334451,0.6286992484157841,0.5322081629129894,0.402701518359925,0.42877878011796833,0.5966467542782306
697,0.5765400910801901,0.5705652825629888,0.5061098690289372,0.5462909385077951,0.6223215737836116,0.6154180467647054,0.5366251067820986,0.40508730756900885,0.4353497005709204,0.598801181950074
698,0.5785119117300306,0.5654573639276105,0.5082125641482658,0.5443982799522533,0.6199029119752448,0.5985884199766576,0.5404325163226054,0.4089564776109361,0.4442681603562245,0.5998208785517711
699,0.5809690991490488,0.561575440918175,0.5100024688571941,0.5429107407633512,0.6174812948817959,0.5855159699326439,0.5416548243571578,0.4124367326621323,0.45203934493042924,0.5988181465383197
700,0.5880146864084989,0.5488622013050067,0.5169592794151544,0.5368823359804353,0.6082629225388867,0.5427228721089672,0.542542458081962,0.4283546538893172,0.47921685744993453,0.5928781615947181
701,0.5838803132531603,0.5402424659867324,0.523527548006704,0.5317237058190233,0.6058177793056745,0.5172841142204699,0.5477484105340348,0.4441488833246242,0.49247303923087304,0.5961229304150263
702,0.5966575069405973,0.5189527912992683,0.5430367192294856,0.511427256958081,0.6081349313301067,0.4738475999022397,0.5149733760465617,0.5026764638158306,0.5778596557290955,0.5461490125456075
703,0.5932297145057874,0.5160471779605315,0.5473160364491799,0.5066529501599674,0.6177913903915736,0.4810680870991778,0.5043677800934524,0.519773751358138,0.5908934927288111,0.537821399782917
704,0.5873720455694468,0.5138064067858142,0.549507316704802,0.5058767341222603,0.6227629053972672,0.4830796569175179,0.5003311395961144,0.5306511330909021,0.587544076177328,0.5421270115551717
705,0.5800269560444046,0.5179723875546328,0.554197277987708,0.501614853762697,0.6412014769014532,0.5195273894476551,0.4781539956978207,0.5517416894042045,0.6118103329934045,0.5215289514354343
706,0.5617230397414748,0.5404814859931019,0.552486170249314,0.5047569755402725,0.6330554307709467,0.5795633267303505,0.46929242045572755,0.5732121803746496,0.6304310349665311,0.5014844691530114
707,0.5560328666184596,0.5484157841445707,0.5496138508220342,0.508697438053264,0.6192264350802716,0.5874809904624065,0.47252585641673955,0.5784623344430394,0.6249118586875828,0.5018239479531755
708,0.5465132137501204,0.5618956597673298,0.5432817424402976,0.5165569706555607,0.5896649516723873,0.5928503320009066,0.48569334152320165,0.5846656496619121,0.611699018956662,0.5054235384692669
709,0.5417789767511366,0.5679320438592778,0.5400667253188522,0.5202586628528819,0.574760443174361,0.5925786448138406,0.49464785397289124,0.5862111951076774,0.6047784834547281,0.5082659308400577
710,0.5244411331413749,0.5854771261563115,0.5279432946560662,0.5318555958818771,0.5263816119980489,0.5872614677752209,0.5364968468314818,0.5823521944598424,0.5780036682554415,0.5260547664854864
711,0.508553216133167,0.5956526305925596,0.5119281288279317,0.5447691683989666,0.5173304394292448,0.6018531888944334,0.5843734402026703,0.5414478238872347,0.5257601556837765,0.5623201448424241
712,0.5101495901776938,0.5904398160396498,0.505989800844159,0.5504113912415777,0.5616821662435617,0.6290348610623382,0.5971361360617785,0.4921320582760138,0.4853558349542355,0.5877675983798536
713,0.5136111108224005,0.5851063128217046,0.5065323573730875,0.552244839598376,0.5834782106722529,0.634731415841358,0.6007140224309326,0.47381728990271776,0.47144321386140076,0.5969957785970864
714,0.514410576282579,0.5782501558486134,0.5105995198914686,0.5565478605136026,0.5977308234662956,0.6311217344881743,0.6109473219716768,0.46261737637911515,0.46221312914367163,0.6065066218696978
715,0.5343102033931493,0.5560947920117651,0.5229560289077864,0.552828715943066,0.6252181392230348,0.5914557702005614,0.6157789693313178,0.45953047379318795,0.4558540828023405,0.614704130938415
716,0.5499573243949978,0.5370091102540312,0.5352935604597544,0.5457402127830763,0.6167074272856536,0.53932654115998,0.6205315164867534,0.49705044096532347,0.47443052834065563,0.6080792762896287
717,0.5544512156219862,0.5250498000131644,0.5438467006100155,0.5445113115309063,0.6112235911019797,0.5133967054838771,0.6204630310862309,0.5266296649459573,0.49156050199173146,0.6030835013685616
718,0.5464426848322621,0.5193968846608967,0.5485441031040545,0.5555619715302378,0.6162431224387653,0.5092244188533981,0.6228372517773983,0.5334356668375139,0.4943286070471953,0.6110758642294356
719,0.5406003280599199,0.5142641478820206,0.5529104399760039,0.5644966770714783,0.6200399508499526,0.5060660677055365,0.6232226802736507,0.5419564980076849,0.49876857379627015,0.6158553116871044
720,0.5445932540463715,0.5052747521530552,0.5645652653386567,0.558146950557197,0.6188790030703578,0.5008739230625763,0.606637697520049,0.5773794595218944,0.5269327837587755,0.5991833024942835
721,0.5465743008913286,0.5008446614947787,0.5906679517359154,0.5427248944406085,0.624493816579047,0.573791998764119,0.5229353880619547,0.614380288223303,0.6014322489000788,0.5394716106831814
722,0.539633821064308,0.5065623176017068,0.594874349045512,0.5475298567223903,0.6115010902563205,0.60738001474899,0.5002896238741252,0.6126113383866785,0.613499192584027,0.5246740266512858
723,0.5282952937567124,0.5192732435009544,0.593740311023243,0.5498103722042965,0.5719183876900654,0.6287825263374609,0.5078164564962826,0.6121872964449827,0.6187961569328843,0.5150080250695348
724,0.5112632627676257,0.5367119496203767,0.582073449531959,0.5508594875610292,0.5134214211970812,0.6230440826425074,0.5758863189688777,0.6171715685543474,0.6052011915839507,0.5268290557647184
725,0.5084505009418507,0.5396031842635727,0.5786026797162224,0.5510663991401087,0.5090004445722323,0.6209782864819288,0.5945893400342406,0.6158600778283635,0.5937859275901894,0.5320229552974275
726,0.5032884925975679,0.5441097440496734,0.5732867339918879,0.5542020308356826,0.5078707468381659,0.6207066701329315,0.6224135816091797,0.6040911975358345,0.5770788250339725,0.5452825488759864
727,0.5009182731616603,0.5454444637757399,0.5638995504744072,0.5703034584098648,0.5550355817801433,0.6282739514664463,0.633857397484211,0.5386967201303907,0.5346389324751202,0.5767779024945886
728,0.5087137384250094,0.5366899069084414,0.5587189319355866,0.5858909326187909,0.6031972286911219,0.6164966884482094,0.6213796666686092,0.49732302208036283,0.5076225825555848,0.595563226349523
729,0.5087062599695907,0.5339050958573331,0.5616317764000676,0.5916068844982543,0.6024060961534884,0.620266262703134,0.6286872155263507,0.4976897802326605,0.5064553937834978,0.5968204662140819
730,0.5096523283063042,0.531138626310393,0.5629878556240463,0.5964628719552967,0.6041556106865221,0.6209914373087443,0.6333426646524817,0.4970458063576757,0.5046389656818555,0.5985080931621795
731,0.5106843166056158,0.5289917687097498,0.5634330436963658,0.5998312864368667,0.6060331118001743,0.6202700307890417,0.6360734225297932,0.4967459090789541,0.5032911819659538,0.5998390439108001
732,0.5120697629263135,0.5271304791875524,0.5627059069839544,0.6017866629972682,0.6090916928743998,0.616512289397283,0.6364566335495544,0.49714272517402264,0.502020285332379,0.601122195534819
733,0.5158809569204896,0.520946353012004,0.5615262382849598,0.6082726064730098,0.6140752220702093,0.605605634783524,0.6400959932747832,0.5037949449651186,0.5015969188162295,0.603722280711116
734,0.5203023536333743,0.5134523594527627,0.5600523808065223,0.6137552551900047,0.6159157969995825,0.5886770259044616,0.642978347021216,0.5230226824440014,0.506806491286008,0.6040275028614615
735,0.5258709937531995,0.5060083671034986,0.5603054225361863,0.6097318002702388,0.6182911676347085,0.5511261212014562,0.6318210947480682,0.5778322651650976,0.5239412771621461,0.5944519743486294
736,0.5254176817179494,0.5024768478499396,0.5641183944198613,0.6186430971229256,0.6092976754043967,0.5583081053793468,0.6215229725545717,0.5871423995934933,0.5383461900852908,0.5917888861046965
737,0.5247373326677784,0.5027541864759087,0.5716242020410564,0.6157351822765847,0.6096970753367726,0.5491385387505454,0.601256955492407,0.6107768498064032,0.5494684493307986,0.5824396708751516
738,0.5176792922202703,0.5100398031079795,0.6092543170059808,0.6056512719012667,0.6171187113757983,0.5418535417547502,0.5240094837060416,0.6470860807037667,0.5776866752683493,0.5503432547943249
739,0.5082577356333341,0.5205676582262594,0.6315223234777697,0.5862079650599995,0.6115857225101711,0.5539519474449542,0.4833617570301471,0.6451109682328292,0.594479789111522,0.5327148518551398
740,0.5011881322372287,0.5313101109546623,0.622349587557218,0.552875507565014,0.5763596423100942,0.5911898841757448,0.5732455555196503,0.6260407212843565,0.586960859890131,0.5453798891970718
741,0.5019436066143411,0.5336534339732052,0.6210393936578028,0.551454584988059,0.5772406622756946,0.5932938267444775,0.5810166867396753,0.6233426458987661,0.5824012023035885,0.5467046912413169
742,0.5059459721463397,0.531491760589596,0.6190951575962714,0.5621097885575405,0.5740230751268846,0.6131548758859346,0.6172543131544634,0.6024802493738349,0.5688907434793744,0.5572221049195248
743,0.507654731089345,0.5346369497118335,0.6184189074126266,0.5596030953986602,0.5767352267520739,0.6153089959278634,0.620740323213032,0.6024693763637446,0.5643478677116374,0.5566677906175187
744,0.5126191912733823,0.5348512167573252,0.6173662681317846,0.5655943826640282,0.5783138013040534,0.6285249367959347,0.636310580951854,0.5904217898763197,0.5539800837523915,0.5607472155788322
745,0.5161466860795848,0.5383730360833988,0.6163359789624152,0.5637983669236156,0.5808105881519124,0.6342647502964478,0.6416556768968991,0.589695199953989,0.5479821186769325,0.5598254737615362
746,0.5340359725624302,0.5236710499198207,0.6065121480331297,0.5965371242100144,0.5779801222972134,0.6673640867380083,0.6624067705686364,0.5408817069481151,0.5265903779305631,0.5741374721773465
747,0.5438640657475285,0.5159903575492429,0.5952456074645674,0.6098383926986508,0.5757119518727465,0.6728112752456216,0.6612254107501129,0.5225057875628926,0.5198215657522867,0.5780455834768234
748,0.5590471164969163,0.5054710092492387,0.5720467269855428,0.6231766730105809,0.5668172927222025,0.6646182053720384,0.652515456108143,0.513553267405605,0.5189398559761447,0.5774000634331238
749,0.5648269214571601,0.5015374357531184,0.5592499899815981,0.625298572444985,0.562110541315305,0.6521181600874432,0.6438755188378169,0.5193580266235464,0.5227839089862821,0.5744095256648001
750,0.5681573585413398,0.5001919469926575,0.5536032752150684,0.6260778859079019,0.5578428378239148,0.645214202521953,0.6381397945322635,0.5238212574205505,0.5263244809198272,0.5709862565864983
751,0.5721188006107355,0.49931181845316375,0.5466713548275253,0.6262558075143947,0.5514352765564828,0.6333434908934772,0.6257469799763038,0.5317382794983813,0.5332393819998682,0.5646144546035409
752,0.5714710617185639,0.5030346648314785,0.5406187266201209,0.6232873114225185,0.557389667309157,0.6073860011556983,0.5950082019095656,0.5572248281240264,0.5447744930522889,0.5543885003686966
753,0.5524573826546522,0.5281645664199628,0.5687568699860869,0.6193122785087097,0.6059623844048831,0.560555094033289,0.52402028461796,0.6122768873769611,0.5590168770275893,0.535990847840043
754,0.5310369284462882,0.5526834059981471,0.5996314778732597,0.6069767206001521,0.6314707409771029,0.5266090278950859,0.4776229330963589,0.632105374972822,0.5644189089438431,0.5282834025300113
755,0.529954055946368,0.556437938995157,0.5977352847412004,0.6046670565137698,0.6279378469820458,0.52659978085257,0.47469829400204255,0.6294734769919165,0.5654504591059679,0.5284889152997351
756,0.4994661070715327,0.5842713208800706,0.6226387098081638,0.5403546720646616,0.6244082822316517,0.48522911057733764,0.48169196988613283,0.6229837219375576,0.5557147616921124,0.5399965273696694
757,0.5059466259771459,0.5840574416843529,0.6216814257796759,0.5245641678710814,0.6191368639976041,0.5135200259127086,0.5269507391285049,0.6049466579710306,0.5444362859306675,0.5495052328904614
758,0.5119086786247706,0.5845140147596738,0.6214795240592406,0.5228880792688523,0.6188482415990498,0.5291913861876508,0.5435959708242712,0.5974030507818421,0.5393074555656826,0.5516363281365115
759,0.5168683630626518,0.5880288763307132,0.6206068362475126,0.5201298967157276,0.6191972581011362,0.5380252505651238,0.5519510755247239,0.5936014151276658,0.5351443412850725,0.5513663585908298
760,0.5736239990803732,0.5508414089239898,0.6096626974950803,0.5732525189979012,0.5994995072812217,0.6462360298707696,0.6234125874636609,0.5376258160920361,0.51699114253431,0.5584326188737322
761,0.5900137849691778,0.5355521512079665,0.5952195851561065,0.5915136037344981,0.5791847403613892,0.658054179311401,0.6303623364952796,0.5239015081280186,0.5165233404411164,0.5568063739752641
762,0.5948240879273666,0.5389194636300684,0.5909269709308435,0.5912957640662826,0.576891392622826,0.6573736385913587,0.6264649114665669,0.524499013364881,0.5151949293110218,0.5517192724131493
763,0.6071321763520001,0.5281384483361112,0.5729788282740047,0.6023041438958459,0.5550342396528827,0.6523213179868986,0.6236451484308027,0.5179965877946904,0.516494999035306,0.5459525265062442
764,0.6149383204084022,0.5137265533006814,0.5527694378373336,0.611515054721631,0.5317265495455763,0.6410921786257922,0.6202915918707324,0.5144749230777497,0.5200767328088366,0.542828958876221
765,0.603924996670175,0.5316922551934334,0.5199325112416999,0.6182656632929149,0.575800783212601,0.5965205904255207,0.5422660691949948,0.5639194970202708,0.5431324492728832,0.5207232387307564
766,0.5950605311819602,0.5547417400975639,0.5237674142270975,0.6125900662695307,0.5854549537013033,0.5900939128382148,0.508053478338122,0.565195699034981,0.5532334355122428,0.5156207353032803
767,0.5691965449481723,0.5886543047402422,0.5508092480407609,0.5993533263365636,0.6145414501359351,0.5716525494698216,0.479416236154334,0.579037080936613,0.5507657740722937,0.51804639748519
768,0.5583010648266736,0.6001687515739346,0.5586552617390788,0.5915176903059622,0.6151557583989992,0.5599853454591842,0.4710010520884957,0.5800933944340486,0.5496736512981585,0.5209230074257618
769,0.5323821473713484,0.6179611888778017,0.5794317417835808,0.5692140621139115,0.6075259035602837,0.5223038504299276,0.46235542176283495,0.5821620537086364,0.5424257500651546,0.5295695120022124
770,0.5143865964509315,0.6261797051458796,0.5919555908154972,0.5461022153145823,0.5914608329822939,0.4889807319360477,0.46446863397944954,0.5794542388402761,0.5345253171583916,0.5383620508297435
771,0.5044648272509787,0.6279661889271527,0.6041513325603411,0.512566093308124,0.5740381581123334,0.4613687100291305,0.48196835709845476,0.5704059463841595,0.5209800737930529,0.5504762586575412
772,0.5153242658352789,0.6281751514064907,0.6005855897360938,0.49462526196493334,0.5726336116073687,0.46864207229154425,0.5002786340392069,0.5600237365009515,0.5120633669940017,0.5537240520489409
773,0.5606787561519379,0.6159579668748267,0.5992108208157103,0.4870445973651977,0.5981888227320705,0.5296498722447462,0.5351543614183293,0.5400205810415998,0.5008036075458419,0.558053367583728
774,0.57940955062471,0.6148372192421626,0.5906649332019938,0.49069547604856256,0.6050329133622969,0.5508672592375633,0.5397725224815328,0.5358033309680305,0.4982402595808668,0.5519068355474169
775,0.624324481804087,0.5876328377741233,0.5765340518560993,0.5105738864012667,0.6060648141083461,0.600785319436502,0.5597341013527019,0.5194116411992432,0.4987597455521888,0.5463325217839957
776,0.6264845219390704,0.58726011040961,0.5745085958622714,0.512025369982394,0.6053716837681165,0.6021439136541289,0.5590679199899014,0.5190909849132505,0.498713484310536,0.5444489311245574
777,0.6359863529391527,0.5764248878754784,0.5665982070309216,0.520786970696157,0.5960973731153499,0.6071704998126191,0.5609109700038212,0.5153918515768164,0.5003127165149228,0.5395929699778482
778,0.640755953289775,0.5726972505995257,0.559787649030443,0.5264126824149001,0.590071943112975,0.6073562693165511,0.5581442920997481,0.514164363656251,0.5009639446758094,0.5334245035338504
779,0.6351688753163113,0.5016296376195191,0.517805472206064,0.5669592179802988,0.49830176023569694,0.5605201294271253,0.5535765214348877,0.5062714681129096,0.5204364133532066,0.5147269793723287
780,0.6293171412776741,0.5006472946735461,0.506010025439773,0.5759458858701448,0.4924977218579982,0.5504970693192921,0.5394538580427348,0.5085017847285352,0.5276481744459717,0.5059768262798752
781,0.6278218477422968,0.5185608491552062,0.4994233102022623,0.5812667245177686,0.5117307435501404,0.5603342183460739,0.5254545184018597,0.5130119394068638,0.5320895414443398,0.5011969238075273
782,0.627431002070512,0.5261840628674193,0.4995990235884594,0.5816950959450691,0.5207286470309516,0.5613081468123893,0.5148852893720652,0.5121272950797889,0.534700784532016,0.49965554582565247
783,0.6274453828544131,0.5296340626765295,0.49956459229859035,0.5819547869425515,0.5248730112071323,0.5631848180552677,0.5120354070521129,0.5121312478438582,0.5351778055939624,0.4996206018669147
784,0.6274576290241205,0.5350065104514893,0.49975817738110523,0.5822109244818844,0.5313227455673036,0.5659175264912143,0.5071718115518654,0.5117327138105191,0.5360524656537844,0.5000131790997913
785,0.6265428267386216,0.569149106744876,0.5011871122995418,0.5836884344341864,0.5691292643812097,0.5920262060206471,0.4962566487927586,0.5154196790445223,0.5338940219113179,0.5038647028471508
786,0.5940593589998158,0.6323559488778733,0.5190913050263897,0.5764124556780071,0.6120396464747929,0.6039573694690222,0.4807979840942312,0.5216045920192741,0.5202787940754595,0.5200342772060794
787,0.5214780507422616,0.6353660598850237,0.5481712282025893,0.5482733153795877,0.5571497101740623,0.5166321150918383,0.4803790036987714,0.5207506586831928,0.500241302154443,0.5379551556642577
788,0.5088753480324826,0.6283931314910357,0.5486600151950627,0.5423530092548575,0.543598112294906,0.49613996078724637,0.48255072354241185,0.5183561422112717,0.49681377414599454,0.541622124819232
789,0.5040224541129397,0.6216989850196126,0.5472641734259007,0.5381760081025422,0.5370960049853148,0.4839319957847623,0.485235612266942,0.5158976576509343,0.49415346272960237,0.5437437247315468
790,0.5063487467900837,0.6173411463674204,0.547316471378893,0.5329119243004797,0.5353183445813966,0.4790895125715727,0.48844705952937556,0.5134610677466719,0.49190387531868757,0.5448963919060342
791,0.6095436802772795,0.619102068220304,0.5591359058641475,0.4952520846921382,0.5878651398290876,0.5687292018516888,0.5100833368556564,0.49823108087679013,0.4983730430108145,0.5357615387247875
792,0.6432441107677099,0.5898162464893337,0.5568637741229776,0.4923884483613693,0.5811418974448324,0.5964143206380335,0.5154857709451941,0.4934544105005538,0.5115375724259352,0.5221887963546142
793,0.6440206243554799,0.5679734081034945,0.5528481487265682,0.4953091294056512,0.5614186300759536,0.5915647716683519,0.5150147544977064,0.4925284397125432,0.5176097251751285,0.5139945025142002
794,0.6322231584336704,0.53107953449939,0.5476837294426762,0.5007868247061344,0.5225941268481441,0.5696504487289794,0.5133669245891045,0.4922652064510344,0.5255526684904155,0.5046532616601482
795,0.6077741097680133,0.49742967884155037,0.5356503632251947,0.5189510619840548,0.4809260490748943,0.5396483574835896,0.5069931588922236,0.49623484486837993,0.5336665787874798,0.4968024963944721
796,0.6076290571361833,0.49879847313128545,0.5354493132058611,0.5201156338237793,0.48338455844383266,0.5399172080521358,0.5043595905347783,0.4960342134873056,0.5342617550181785,0.49682640479960416
797,0.6214494800990473,0.5557750678384422,0.5270196922825312,0.5401598766502966,0.5444788595134753,0.5823245240602754,0.4944206630531319,0.5005220333089251,0.5291718669955466,0.5054449454178935
798,0.6256855814237026,0.581768803656687,0.5250937491938178,0.5476379705717828,0.5725180228957055,0.6002182548196408,0.4911699921785956,0.5013681266873466,0.5252598553470728,0.5122747961865939
799,0.625995189332573,0.5832450950260818,0.5260630809061061,0.5484968085914556,0.5747484709025942,0.6015687190499496,0.49050308892106426,0.5005588092073271,0.5255044567440412,0.5155165890562008
800,0.6130403344706353,0.6263549098411184,0.520290082423582,0.5668272978175742,0.6173355894190515,0.6183551667100299,0.487093812059431,0.5016284050754473,0.5129928590814038,0.5332859700006861
801,0.5980497513736068,0.6345788518211618,0.5175012777806585,0.5733804585699844,0.6229389716597243,0.6121722940834805,0.4865729641790372,0.5018825668613659,0.5069575880643481,0.5396855592623039
802,0.5829379056824928,0.6359485629172333,0.5153890373512896,0.5803281369404933,0.623118749900369,0.6030121350251455,0.4869929975800585,0.5012025103967532,0.5035183529450912,0.5467722330191369
803,0.5357840656807284,0.6161407655468067,0.5336510471980142,0.5446964632636087,0.5537627009201814,0.5159968600747541,0.4948421057445803,0.4958851407509255,0.5009285001318252,0.5464885108466474
804,0.5727805857098278,0.6212537901490701,0.5351162028326075,0.5357072876656852,0.5689511223420451,0.5466551056815263,0.4957902053673981,0.49488380560951345,0.5095311469834544,0.5346473245477551
805,0.5960175386575102,0.6222913965504808,0.5279151358265649,0.5385407568232865,0.5758487385126662,0.565909666382596,0.4953899635112717,0.4952892085763164,0.5133978806887587,0.5230722233182798
806,0.6004322355154512,0.6220266097648606,0.5225029962955222,0.5433628624630613,0.5766533848149187,0.5690300614914945,0.49502979986720985,0.4959209996122712,0.5133040229025616,0.5190278895835638
807,0.6134465807948893,0.6222508506739176,0.5188771291722398,0.5453236671847607,0.5754975397714961,0.579673174125976,0.4953707809477132,0.49630700255405774,0.5149797434610259,0.5122298164800231
808,0.63965052665889,0.6120466253457261,0.5284464787319982,0.5308516922756562,0.5573476107935734,0.6056356817845417,0.4980716857032352,0.49486632389676727,0.521733178939464,0.5016726362006412
809,0.6423623363516546,0.5908909842637079,0.5379443608180801,0.5174532238568449,0.5344998538784185,0.6135486930645445,0.5001502918326534,0.4936418811553817,0.5248197226528961,0.49727412018813183
810,0.6031158270080846,0.5047184648902828,0.5647569347974982,0.4738657043882814,0.46852042691509704,0.6015283870287697,0.5047802915365226,0.490762695931057,0.526111777974685,0.49749128387268926
811,0.5878111311018522,0.4825152252472769,0.5743510820218036,0.4555172079467977,0.46300254591905055,0.595653713286619,0.5064063354127514,0.4908556121658213,0.5198937455888276,0.505965471585872
812,0.5914130641647577,0.4875796898898832,0.5767114060154952,0.4525794540482316,0.47301594766262384,0.5985964397424252,0.5075345209002775,0.4914999955126663,0.5163051051705627,0.512526290996534
813,0.5992177371855378,0.49944544523067763,0.5785428298856505,0.4525102170574559,0.4889789937586884,0.6033557518507122,0.5085702938249788,0.49243438212127516,0.5121422792369595,0.5200431977183984
814,0.6085472740712158,0.5120706089378434,0.5806818809055503,0.45447479337619556,0.5046861713293423,0.6086076518952858,0.510623049051782,0.4934600839465587,0.5086007398380303,0.5295382727346654
815,0.6266216295948985,0.5460126380565046,0.5833444418695553,0.46673158156204614,0.5427744877682047,0.6171639393948067,0.5135626415576615,0.49625260346852773,0.500898016845868,0.5473972456143763
816,0.6304666290020986,0.5551395030670878,0.5841987421916733,0.47199848105069525,0.5530749473968082,0.6186363848732986,0.515025626973869,0.49726498132065894,0.49884658559165695,0.5537271491980633
817,0.6268706079772679,0.61205124986587,0.567800801541973,0.5170144636557239,0.6183882835891252,0.6072667755911919,0.5099203554405025,0.5058797460482313,0.4899959881730044,0.5636699750430499
818,0.5916023838469257,0.624959078839964,0.5511336320608731,0.5530895978262065,0.6389802120558491,0.5787201434175677,0.506423860032725,0.5124860058529933,0.49201439006952485,0.5668958098802951
819,0.5282360131594046,0.6143664493049824,0.519034918825596,0.5905262826592235,0.6375842287871509,0.5311201017093458,0.5003685783091638,0.5207352815491071,0.5063678582382891,0.5584339263466469
820,0.5041904869435051,0.6073461361371754,0.5047151749149379,0.6050412370987415,0.6292929455523999,0.5136569519272546,0.49815416584677347,0.5240892288593108,0.5184682446278397,0.5496366158432623
821,0.5164110857436036,0.6152395518783359,0.4962434080743611,0.615854277381349,0.6100105310973267,0.5215653066034432,0.4976991256613556,0.5259630388189785,0.5434883100029934,0.5257312799389883
822,0.5454822033316162,0.6259872082369047,0.5044828510962674,0.6155087937986089,0.5983794155954251,0.5424905328494601,0.49981068454394606,0.5245951963845376,0.5532735504087339,0.5140631883742889
823,0.5741609853706794,0.6322744694069029,0.5174522978282565,0.6112737885037494,0.584679405360177,0.5647221652577081,0.5026498054280597,0.5218901801258171,0.5597644740164932,0.5061339585993687
824,0.6094782602072589,0.6279859432352819,0.5415411770278739,0.5978770106172782,0.5561264580191015,0.5959796960159989,0.5086642951467313,0.5164926088417799,0.5648087064250232,0.4991306063919639
825,0.6244552233935771,0.5562547204810806,0.5880122375368171,0.535345101066919,0.4803398247927189,0.6301366821970957,0.5236621180727501,0.5019345374162069,0.5574307068983462,0.5097022805524806
826,0.6167162879297264,0.5017819690161113,0.6107398728803897,0.44664734627277336,0.47110757062228653,0.6252637506642856,0.5336200195963939,0.4918410722140196,0.5139175892936646,0.5540735517015603
827,0.6194282966087388,0.5047287173168484,0.6119160910608838,0.4464432678667231,0.4740931825246384,0.6257799756126429,0.5362028288315723,0.4924019543719049,0.5119927527776862,0.5605104693084019
828,0.6237459219662549,0.5109676674438078,0.6140050661951277,0.44671856331887466,0.4806680975110357,0.625924860993253,0.5400172182182698,0.4934321551154557,0.508287670318923,0.5707561569119433
829,0.6356880651613644,0.566123315876305,0.6136199794291356,0.4701888878682132,0.5471548193910839,0.6114831045660057,0.5355716273479132,0.5022421080401389,0.49030981448423766,0.5869094277878749
830,0.6312766893158192,0.5814472157034097,0.6156322711747949,0.48613852332758273,0.5636884733044293,0.6039396526863413,0.536098805452882,0.5059178562987492,0.4888034314216598,0.5944929978569241
831,0.628045335858019,0.5851684176652105,0.6181685748138641,0.49224787815113985,0.5665208381450418,0.6013693887034183,0.537563181590703,0.5069394384670116,0.48871922684809954,0.5988427891607075
832,0.5495550833192768,0.6219406117946188,0.566517193232382,0.5785414692973274,0.6352600627712903,0.5339392404409354,0.5150571676859393,0.5353149104477859,0.519583304316086,0.5837902879786975
833,0.5110876117488987,0.6210387948587741,0.531037085868898,0.6122699437057028,0.6368578210999333,0.5084247151354284,0.5049090463820888,0.5482509886172582,0.5531787187807575,0.5587687346774255
834,0.5096149685530414,0.621947277872711,0.53553691282708,0.6135080027263721,0.6341856590058594,0.5076608761147173,0.505109640700719,0.5490953271133512,0.5540444986938765,0.5586393141136297
835,0.508147713226912,0.6230270234031178,0.5368773479025396,0.6168355265031433,0.6301128833096112,0.5064464105011567,0.50445406104959,0.5510234748360819,0.5585725776315673,0.554801278636281
836,0.5081975463459969,0.6245976625765974,0.5457861893145781,0.6163569523399716,0.6214038996651498,0.5055441121295914,0.5044934967340678,0.553337130697913,0.5614077292915822,0.5518604384915605
837,0.5086312785923205,0.6249796985439936,0.5489184421429353,0.6157203221429205,0.6180180000535501,0.5053449336420835,0.5044840626175573,0.5541485748166228,0.5623413461629737,0.550756092796503
838,0.5112254614982927,0.6255773220975713,0.5516570395394004,0.6169257871033355,0.6115962852878981,0.5055400733871969,0.5038284725950541,0.5561958783925384,0.5666983215706644,0.5459696674753299
839,0.5284927856336641,0.6251287299307926,0.5619730933374335,0.6230074262688128,0.5892269090291776,0.5101703913269668,0.5025534046609109,0.5618768093105183,0.5803608560436492,0.5277778188609894
840,0.54078315244204,0.6230622930557659,0.568443353880841,0.6333304200138924,0.5793049943764091,0.5149578066995961,0.5022978754940041,0.5631997999902557,0.5870485734285283,0.5193548465643097
841,0.6152808513771839,0.5621536074174865,0.6353458124984859,0.6993286477722424,0.5058868370614295,0.5681668753950084,0.5230390238520954,0.5400671918462034,0.5966145434246044,0.5068417145251932
842,0.6184478606485156,0.5516849167946989,0.6386781222194425,0.6935483424601264,0.4956197329494715,0.5731287295054487,0.5278237044970201,0.5360048183049347,0.5914010150365989,0.512780186657222
843,0.622285129167539,0.5300349750150456,0.6355727315888222,0.6665665061401514,0.47830404415269245,0.58264054495027,0.5382991596579781,0.524485252003622,0.5765319559477303,0.5295257327217651
844,0.6206175618174357,0.5333957671466744,0.6086718832927378,0.5277207850033296,0.4779491658292587,0.5825941924372753,0.564564220002738,0.49005461110140336,0.502719287360739,0.5952216254679552
845,0.6087405294593503,0.5617804538180953,0.6323646140427799,0.5257962148024149,0.4951191367134338,0.5711287726936852,0.5653093079187143,0.4903670264772136,0.4871306781345721,0.611950755986343
846,0.6004747449551256,0.5730331570143152,0.6459027229262778,0.5319055396011794,0.5015948536904552,0.5660697675661029,0.5645478502243354,0.4921110486561886,0.48394545402107564,0.6180519117258336
847,0.5456647754066324,0.613880921246474,0.6786670216784317,0.576015594730973,0.550109900751777,0.5275942433975122,0.546207703166691,0.5178835635790696,0.502462020872239,0.6105723463069496
848,0.537866590421122,0.6157701269585267,0.6807942392536391,0.5816918466679444,0.5507875432889179,0.5245085442377707,0.543794316285781,0.5209795309604655,0.5072160093651632,0.610102426531589
849,0.5311898868443481,0.6166683132923049,0.6860394940722024,0.5877230537075104,0.547573198400558,0.5233103218649715,0.5424780465976148,0.5223581655332606,0.5099132280599686,0.6120766718036925
850,0.5149975523329607,0.6180208004910022,0.6348616378765999,0.5884168194784679,0.5678314367445644,0.5044139750583091,0.5224344559476102,0.5484891592103442,0.5567136163988652,0.5772215112518886
851,0.515373530527689,0.6155014034750678,0.6247541506426104,0.5894287401563274,0.5668807808795904,0.5019993239381597,0.5183133793498316,0.5537801688988007,0.5677157430299011,0.5682902594734587
852,0.5338521545782613,0.6040022099308676,0.5980155468871486,0.6063442138134214,0.5647393870891532,0.49949108064355685,0.5073655567382701,0.5678510924113958,0.6027633297164525,0.5330829463481019
853,0.5931324566025392,0.5636609372966029,0.6356752626990345,0.7104954124227955,0.5393378634779687,0.5205563755364805,0.5104466737913663,0.5643664252679129,0.63161966700929,0.4972143011390726
854,0.6087418058273668,0.5254453843088789,0.6123825738654665,0.6360805785462451,0.4866421497409864,0.5611790810544528,0.555785083306494,0.5077044781193836,0.5571058405577451,0.5792006261460368
855,0.6029797160681751,0.5362514504087127,0.6108751513231828,0.6181457896411974,0.4854510502645503,0.5628153443676842,0.5584431415957158,0.5050543348510536,0.54383750925567,0.5947119531493146
856,0.555312974087918,0.5951595185965993,0.675170000068481,0.57957606521721,0.4955646969024651,0.5556749354828064,0.5660184493538902,0.49263668999386934,0.4816873661194517,0.6434258805512719
857,0.5448069512406365,0.6038628901927654,0.6918836693106785,0.5878802668864651,0.49934875688630487,0.5526951536611646,0.5629336366837474,0.4955493802695896,0.4827590122005636,0.6458246762731488
858,0.5257212140778281,0.6161882009929663,0.7120536096841089,0.6047471379176048,0.514805700820188,0.5406639272542729,0.55230062372453,0.5090702522819616,0.5008015234824986,0.6372296615385812
859,0.5192639680157626,0.6178799185955853,0.7154114424640873,0.6101193464059986,0.5139874733451848,0.5401825183421418,0.5491946400719664,0.5108124501222747,0.5049055881407293,0.6383934103910367
860,0.5141286565256411,0.6169572577591489,0.700715512642706,0.6110540102530001,0.5248393180950811,0.5305744986150639,0.5382758026934993,0.524399819812866,0.5317718776026432,0.6215538221577959
861,0.5130135104218501,0.6124559402596089,0.6865589319297649,0.6110593531246887,0.5283684930703557,0.5261702960187831,0.5313787205643561,0.5317305138488481,0.5484395494779815,0.6112376761324647
862,0.5454068301035977,0.5781770685282779,0.6189392411445214,0.6103834841592447,0.5484609398466237,0.5053543504674649,0.5090633711750301,0.5602588894147815,0.6204164004588679,0.5425621818573327
863,0.600832247395139,0.5296352225739469,0.6415438789766773,0.7040129915608025,0.5532333645638189,0.5010395464897788,0.5067970733242286,0.5631004343818297,0.6611124787123822,0.48925217129405824
864,0.6022102558838078,0.5266239908662154,0.6451876015175378,0.7035965028038034,0.554030365687512,0.5015575346990918,0.5074494975386282,0.5632951993606585,0.6605443669986719,0.48933586391208567
865,0.6096556843232954,0.5192760707215281,0.6595922444681523,0.7196938541884671,0.5500805879797092,0.5133429104579239,0.5188788948429527,0.5510293971026278,0.6455120427757572,0.5078983214584822
866,0.6072768788554155,0.5215519439695776,0.6574705490041319,0.7153478138045768,0.5465660347044632,0.5191439553195406,0.5238698795450673,0.5450480290708044,0.6356056324515617,0.5201020005167282
867,0.6051894437505494,0.5263019617500676,0.6553479559032134,0.7070268501503646,0.551222823895093,0.521194428171402,0.5239504874680948,0.5464585015344163,0.6305770406316552,0.5247779000697462
868,0.5959276602342133,0.540111647184658,0.6457531569077172,0.6876265643544894,0.5520712957878312,0.5308499644701122,0.5283250606229563,0.5421003033722381,0.6117972499930254,0.5446546120522311
869,0.5897130211159253,0.5494957845068932,0.6401621281613447,0.6759915117639552,0.5533943440316407,0.5361120659805836,0.5295959881125221,0.541030558807212,0.6016968452741331,0.5544515780811187
870,0.5740249207320703,0.5657402665846772,0.6292604562273325,0.6533692849584901,0.5457390639073254,0.5486247806684911,0.5354675065658994,0.5336147437625659,0.5786765554133261,0.5766848328124805
871,0.5627889337265809,0.5814828401792417,0.6231701628392234,0.6374413844652631,0.5457902823072838,0.5570634400819351,0.535662091164487,0.5322511074597588,0.5638034339697354,0.5897931563395263
872,0.5482701863323272,0.5958936071268612,0.6192978068392722,0.6213348358308135,0.5388030237616391,0.5672903852658463,0.5384961914326262,0.5277956927492533,0.5459361064749809,0.6051440645055258
873,0.5416074913313828,0.6040179016365009,0.6188399855702399,0.614714024573564,0.5375619370512056,0.5721026021257215,0.5379879881615245,0.5270617651227599,0.5385226743390817,0.6113616007223304
874,0.5224730070149091,0.6208066377392504,0.6237111264800136,0.6011351307442172,0.5244703020992786,0.5851757539734295,0.5415117669010376,0.5206856138237245,0.5171307536929258,0.6292381529233008
875,0.5234039461711056,0.6278627264541943,0.6883740838006502,0.6410175822687318,0.5091031508641328,0.5996325655861073,0.5457689855645127,0.5085384955603841,0.5203288504800551,0.6370417078896539
876,0.5769270492015729,0.574390481266117,0.6473053314378513,0.6375573472260085,0.5532088695071916,0.5717687781271589,0.5340194898613538,0.5269165799461846,0.5850517107058473,0.579789398549605
877,0.6119210022237218,0.5290016457288113,0.6099977937442719,0.6249724523237675,0.5874842697176851,0.5370026663291939,0.5236904409029791,0.5420064041021281,0.6294944216068691,0.5312959372063041
878,0.6273910832444026,0.5040387683019685,0.6043295130683711,0.6252092467491356,0.6108108385123925,0.5112273833507112,0.515652657715224,0.5511344207145459,0.6509746869092626,0.5080159531380396
879,0.6277853652045348,0.5009028544747067,0.6128267154327245,0.622520837574788,0.6265864682749465,0.4992390690681224,0.5112047497977541,0.5560683555667412,0.6544910364648618,0.5054813025426323
880,0.6235434973563824,0.5071822076679332,0.620049906869545,0.620922619159516,0.6310886356130865,0.49695554606385783,0.5096123882139592,0.5569603787289084,0.6526145063712187,0.5077036080355675
881,0.6004302733651516,0.5410958415660473,0.6319407710687269,0.6143339302521779,0.6271147395396575,0.5126682715970798,0.5110283579577781,0.5531252212774455,0.6339211682021763,0.5262246797869957
882,0.5775790234073305,0.568417193178014,0.6296247394614415,0.6025631049605767,0.6168137763152177,0.536095308002789,0.5149512335955633,0.5489271402247999,0.6137897454770306,0.5454288202080347
883,0.5264093575234996,0.613477015164764,0.6163648551961541,0.5833947908763478,0.5752386854495469,0.5937263289836533,0.5281759806610097,0.5343676586562766,0.5678060372469065,0.590496287764022
884,0.5158145759533527,0.6317061832749141,0.6051020281278251,0.5731390569938233,0.5708630767130356,0.6122255939503515,0.5228413972006545,0.535362203613221,0.5546325265999446,0.6000878163300317
885,0.49414526093385425,0.6453940995785606,0.6079234525410887,0.5803100305323999,0.529560357964231,0.6444535466972222,0.530676349572954,0.5250392178286758,0.5310241790167941,0.624558544079804
886,0.4931806062704368,0.6478041024242746,0.612566281220125,0.5900037092041264,0.5119865897262111,0.6547984617645822,0.5323807776078237,0.5203211873806468,0.5237938196774721,0.6325033053731048
887,0.5154698897233667,0.63844645261909,0.6268149081629053,0.617221766695288,0.49109970829215815,0.6592413188002206,0.5401316515064982,0.5125298059754149,0.5226367651033051,0.6348893477005098
888,0.5215969206309289,0.6359600725521589,0.6266103695812805,0.6211619041800173,0.49203065794752054,0.6591789846826591,0.5378863951499704,0.5117193192719941,0.5240586734721259,0.6339886561176934
889,0.527260338427778,0.6335881389218927,0.6230974502061755,0.6236217108903005,0.49506378187849176,0.6589474860355342,0.5321717244999921,0.5111996245079911,0.5257525716520655,0.6331805373340286
890,0.5345386551838373,0.6299844905813027,0.6212578489746414,0.6256902526430066,0.49816320122906577,0.6573425060885995,0.5299420403345334,0.5109641042744797,0.5284784122275631,0.6307110459900775
891,0.5996796770488058,0.5836244777185371,0.6093658844971768,0.6252791537358214,0.5514011649329835,0.6324125611939845,0.5310065936422788,0.5134915414405972,0.5658058168675918,0.593428262175117
892,0.6331269379545992,0.5385651479826613,0.593002681769498,0.6073877807208242,0.6089244673935725,0.5994600227983014,0.5273308612518952,0.5182445117820998,0.6004929448584639,0.5605061143080854
893,0.6401462940299357,0.5208527323550466,0.5874903622286103,0.597646628408536,0.6332035923360213,0.5812419801925028,0.5234442788885969,0.5214703687837746,0.6140126295825765,0.5501120842948435
894,0.6404680034301931,0.5141749421100765,0.5860455919973153,0.5911529528409669,0.6468507171354562,0.5724862784038925,0.5202371894198247,0.5245216640460039,0.6189575486092835,0.5493130195814572
895,0.6416420724690965,0.5006820104015032,0.5865883380355715,0.5740900848059812,0.6710559411601889,0.5413535438960148,0.5144506420389914,0.5287730487652397,0.633918366165649,0.5377187009027007
896,0.6370468343193324,0.5022270121841114,0.5901395900348093,0.5606255447018913,0.6808059142645498,0.52093324000636,0.5103980161281966,0.5321877793629232,0.6390063470389341,0.5337526268208578
897,0.5968576320919052,0.5751291975944969,0.597785225598267,0.5364331021250432,0.6547828562348005,0.5318220286962625,0.5058384754754544,0.534225666754081,0.6172047464364736,0.5441870198787626
898,0.5926670411134912,0.5859801310345233,0.5900817607768672,0.5260927757269809,0.6543027419164115,0.5384531006631277,0.5042665867848224,0.5381884846488956,0.6115632460116456,0.547438620002307
899,0.5812154273524386,0.610545513303528,0.5757547298106651,0.5104379030887671,0.6470100811883439,0.559674452472789,0.5018318096749812,0.5442139575426179,0.599550671390596,0.5540783935875762
900,0.5800136762192356,0.6159247455152499,0.5699689909233876,0.5043883259853157,0.6468787226368775,0.5630950396178854,0.5005563865770053,0.5470490734411771,0.5968481038684862,0.5548816843174196
901,0.519028094052033,0.6535568440997838,0.5532976635580791,0.5241682988503708,0.5510922154228798,0.6847461920179981,0.5161316569925277,0.533412939433751,0.5627996872843193,0.5915653097230347
902,0.5169587596746147,0.6465590589753263,0.5475582723076419,0.539027797238093,0.5137841954690048,0.6997692584076047,0.5239547404672388,0.5265647091797858,0.5543057563042858,0.6016106450641814
903,0.5234138434417226,0.6400493309845047,0.5433811779975336,0.5470893678366452,0.4973771065971968,0.6996683912011462,0.5275454621047481,0.5229530464455933,0.5500180376152423,0.6045374076443097
904,0.5346479852261725,0.6323937754541882,0.538162634136786,0.5535398982495618,0.48758649473382204,0.6934298875961272,0.5299255242788978,0.5198114353617341,0.5461253050923768,0.6051541353127702
905,0.5422181061984344,0.6279407753374897,0.535075333564283,0.5558913734348504,0.4853595740362598,0.6877518543715295,0.5308374301494728,0.5183045688697534,0.5442509153938123,0.604542136834314
906,0.6373370532606141,0.5624918114628324,0.5347851677113585,0.5571996170786597,0.5833465990796568,0.6389815816436774,0.5427262593174316,0.5071138875073441,0.5595832325718024,0.5834531107394265
907,0.6376131843078513,0.5601006212977139,0.5339816413332562,0.555122557711907,0.5929686472198163,0.6355985139117186,0.5411106365263784,0.5080809768432427,0.5609399113144552,0.5846132567669223
908,0.6416054810116802,0.5479259144092091,0.5342736449498658,0.5471449074906405,0.6266434705054713,0.6251052229786803,0.5378480254187299,0.510629167189846,0.5676826542126576,0.584348862538732
909,0.6390902239416609,0.536500041747261,0.5358876531735204,0.5349104328524942,0.6634273056941592,0.6117047316482275,0.5334542212700544,0.516279994830544,0.5750263070214686,0.5886077304956038
910,0.6347753102728305,0.5359520020526589,0.5362028391488349,0.5312319420299263,0.6717342375129399,0.6089334166775365,0.53238883410537,0.5192845804713784,0.575398491028653,0.5933990758408954
911,0.6285799284878656,0.5236177612257198,0.5460032420364686,0.502403183414431,0.7105198647306543,0.5733820660576864,0.5250829332912376,0.5287213129690769,0.5937491378186642,0.5903474953337216
912,0.6255016768866238,0.5250616221884106,0.5451967297182436,0.5003993306773734,0.7126327986139777,0.5726816924708344,0.5249167821421524,0.5314220088299045,0.5922070443878603,0.5944932538207311
913,0.6208030373082186,0.5277611581801768,0.5472142732068557,0.4913481386590027,0.7151018253726246,0.5623166926347495,0.5229940768542696,0.5359435078868412,0.5952298234106157,0.5951590856045652
914,0.6134145216495549,0.5354239238234771,0.5468427289148389,0.48083096450278845,0.7145993130352908,0.5523304138423121,0.5209422574918458,0.54365471037945,0.5954493991369091,0.5986883233533656
915,0.5987525395038558,0.5924292958792612,0.5509551317038986,0.4533557110011585,0.6519744278036126,0.5570910535605369,0.5169736470901648,0.5505608987272629,0.6062432192755297,0.5643074459973395
916,0.5503726362985945,0.6095237309045687,0.5026254303867587,0.5289135211532279,0.4906216523921617,0.6987091315662584,0.5498891816900409,0.5271236442984687,0.5923393777356968,0.581802492816551
917,0.5526769120419088,0.6055625278285285,0.49872273521901583,0.532722499246413,0.488246952975194,0.6923636897341889,0.5505759376554947,0.5268570324309042,0.5871773734645227,0.5846884545886024
918,0.5558206660048952,0.6010769379139074,0.4941574246893383,0.5358288604726329,0.48918715643743615,0.6822988600019695,0.550803928603324,0.5273500012050135,0.5797596514465873,0.5873232786949487
919,0.5643160284443909,0.591122924564625,0.48936852517799595,0.5412713015163045,0.49702680887481354,0.6626449579734311,0.5520365112153655,0.5258115306370396,0.5655198296677432,0.5938083266585086
920,0.5623487150026752,0.5910271072403862,0.4878149002439559,0.539806929443328,0.5015181192768172,0.6563541766774638,0.5515754145254221,0.5282371902945842,0.5618184088098731,0.5934478927113256
921,0.6071342400096844,0.5409515768851266,0.5137510339929598,0.5068336488758135,0.6926670951028933,0.6119198018462778,0.5480446509591261,0.5296908081421494,0.5544647675199399,0.61613352716715
922,0.6032599903628368,0.5377657616384841,0.5272464273645608,0.4825631106646858,0.7128265920916104,0.581939984706418,0.5403927227743877,0.5413691989754711,0.5767390776227291,0.6114458172323973
923,0.5982159105878302,0.541585343517009,0.5270201222298895,0.47952924967292754,0.7104655792549923,0.575393592484523,0.5388885281207874,0.5472481108678443,0.5781565195748102,0.613472569040949
924,0.5907099551700122,0.5479838359869831,0.5240357165692104,0.47901882132105256,0.70634388218798,0.5692584390719407,0.5372773788678767,0.5558517939821163,0.5769843769873132,0.6181106100734494
925,0.5871450641195369,0.575585131128365,0.5224602045975798,0.4689619707309664,0.6691622604064691,0.558265525272114,0.5302071119542908,0.5696111619972986,0.5890305356055705,0.5992293878616373
926,0.5900200299788226,0.6057139223962931,0.5216820434558828,0.46142674848626647,0.6206654253012986,0.5910756741945302,0.5331104756298265,0.572411302102498,0.603899145134339,0.5592820520316105
927,0.5901982246369956,0.6123435925310664,0.5189294235452985,0.46168806139333873,0.6102314213948825,0.6053185343863483,0.5358130318717832,0.5737935668028448,0.6058029512757457,0.5496650126954284
928,0.5897627392974338,0.6187192230664705,0.5165452629191335,0.4617233896350181,0.5934548123817591,0.6313656432869792,0.542539077850708,0.5731967483139734,0.6098455016992805,0.5338763913895153
929,0.5901482442359394,0.6213606479075876,0.5131072270289827,0.4628258532961916,0.5908548385721061,0.6362585876021092,0.5438772816616153,0.5756885290278312,0.6087531355695128,0.5309209909008432
930,0.5901250252165944,0.624362575397258,0.5086500493793413,0.464141682218704,0.5817708321701542,0.651216500626601,0.5492851061606474,0.5776314582781529,0.6085872529673122,0.5221082374447324
931,0.5797599304528126,0.5970081519440009,0.5008855502090829,0.4690149952613715,0.5286355617952672,0.6839363875078469,0.5816414219749085,0.5643968860303962,0.6065059551557034,0.5017288202026412
932,0.5794990675090946,0.5931356244364089,0.49858713389576864,0.46907714994482924,0.5253446807237602,0.676373457967531,0.584556780852503,0.5657871309622707,0.6013148275228068,0.5010327582749649
933,0.5818092726349069,0.5277985433715511,0.48120781568730553,0.4925869577024709,0.5804702881531496,0.6265282275298378,0.6068172891199819,0.5213810428332593,0.5364062195633487,0.5788210823534149
934,0.5690683759472498,0.5218159718054586,0.48209770256905554,0.4975139498442729,0.5914921731232744,0.6241770178994198,0.6120534696357348,0.5242484868630581,0.5308287477851673,0.5876277649163124
935,0.560710189819352,0.5181238035814474,0.48206122947267327,0.5013856665805474,0.5996816018779115,0.6243120964415795,0.6158877357685608,0.5263242161075888,0.5264919186115077,0.5939570893237195
936,0.5545528751325025,0.5157768509565563,0.4782494485048071,0.5065808118225142,0.6215184007314414,0.6263812245587277,0.6179397408519501,0.531922187281121,0.5172818683774623,0.604041024451818
937,0.547087866224584,0.5155971243112978,0.4718263192726397,0.5132896666480988,0.6492389568043129,0.6273209776438154,0.6163854432971668,0.5432091036449131,0.5080042027143493,0.6155386845638903
938,0.533897544285957,0.5124243239692838,0.4727226426981916,0.5210335649929183,0.6475762680753061,0.6289314922440221,0.6201129999549178,0.5454365814691093,0.5069184821286863,0.6210365624294771
939,0.5076368581359285,0.5046577064164056,0.47630441558592407,0.537070945781301,0.6377963126256657,0.6322727267878305,0.6283495668710248,0.5470162319809861,0.5061908014569615,0.6296253713062757
940,0.4963168953513574,0.5218340979534416,0.4538655579227288,0.5574489719982136,0.6439558161006818,0.5993541996827617,0.5886849538705697,0.5825739145627513,0.5180385863064797,0.6341062645001048
941,0.4981313519654526,0.5298661110597223,0.45346227704003134,0.561564153257036,0.6319507155682885,0.583161314272969,0.5696069395999594,0.5946681488165331,0.5348315285424403,0.6242459879365645
942,0.503976512698494,0.5379939385728713,0.45783930094078384,0.5630327609218295,0.619043089614255,0.5713722424505756,0.5527626481195184,0.6066026497573326,0.5541412342265767,0.6073846524917679
943,0.5042910974389285,0.5405016659845475,0.458686692722581,0.5665691444998346,0.6149899286821633,0.5696348426671036,0.5490752893475432,0.611174214758108,0.5569374127375761,0.6027167893131279
944,0.5310860225960402,0.5481646160006539,0.4930796422102007,0.5476741320061989,0.5966725444529717,0.5748921161291886,0.53594653135356,0.6306277837424045,0.6033894536165734,0.5341124488043214
945,0.5416512120765984,0.545366211620392,0.5137421943462234,0.5349539746488372,0.5906936250716702,0.5871635909708162,0.5419365802375807,0.6375140604045323,0.6145736928985707,0.4970806413917152
946,0.5489942805538586,0.5195813240377524,0.5553187903209597,0.5022472652782993,0.5716686292194594,0.5965461598518748,0.5710333031695681,0.63279417603257,0.6128972749266943,0.4494071359765088
947,0.5474437523804394,0.5082457530339034,0.5638218117446167,0.49467395074866394,0.5636421345173589,0.5910667583675563,0.585156787318577,0.6253302352899788,0.6032012049820492,0.45111944742142945
948,0.5459899486819999,0.502095500737776,0.5670520410176808,0.4916902811696265,0.5595637861773713,0.5864154977139201,0.5940164813347277,0.6214430372200335,0.5953927536886422,0.45481158680223677
949,0.5421385337002887,0.4951072208863505,0.5694414211750795,0.4900432293686246,0.5542288565962413,0.5713359136716573,0.6078146599433777,0.62771300435717,0.5744283034416785,0.4611953430411463
950,0.5396359354613692,0.4842015731450782,0.5713386557776275,0.4879617185535426,0.5489557328153113,0.5754625905412412,0.6291930619595323,0.60536315480542,0.5668288868755066,0.47320852173200784
951,0.5344959394551912,0.47639183715116423,0.5716085050446668,0.48915478146523134,0.5453885761200439,0.5733989187110822,0.6483439185463792,0.5975286841278722,0.5539469452528863,0.4832074205999518
952,0.5261014096284252,0.45905391837263465,0.5651700179538567,0.49473622922589744,0.541468144612612,0.5910125413484325,0.6904795781459295,0.5519053120535005,0.539665581746909,0.5089194271189975
953,0.5184475580345627,0.44862273639053746,0.5533704183334185,0.5038762340320219,0.5419280440099508,0.6075258033897157,0.7196830309387122,0.5171960560839683,0.5283767156541683,0.5287217580829194
954,0.4969564738606485,0.4428846330747173,0.5066173658754867,0.5363742172783618,0.5547058850589892,0.6297507252879415,0.7562051700578987,0.4828128063523898,0.5007577401834239,0.5608728817273451
955,0.48693023253830187,0.4407769339785496,0.49851544744280857,0.5468738267731916,0.5541931652094193,0.6300573481890455,0.7600510622292089,0.485103417985798,0.4974734478932085,0.5651039890422253
956,0.4539128951185825,0.46150457669527767,0.44082214756051785,0.5831751948297546,0.567721952062532,0.5880859956757113,0.7076203653265193,0.5655324815484528,0.4833861750775369,0.5584175983733963
957,0.4490641117276487,0.46065496305356074,0.44077729565770724,0.5873863587178193,0.5659914462073534,0.5870788044063528,0.7040642606546028,0.568670290450298,0.48258196506848433,0.5585648097343613
958,0.4339396145377674,0.45650590812796477,0.44238937093126596,0.6001422070437484,0.5592939569771815,0.5863232620590102,0.6934782075701424,0.5755288873914628,0.47980416339211873,0.5597210834294992
959,0.4214283567608105,0.464131184802935,0.427679607404573,0.6089516409792305,0.5646844432621668,0.5649381968117212,0.6500139009246969,0.6177177087378873,0.47967143126976153,0.5499716584633316
960,0.4076321668201957,0.47702528231706237,0.42012374961661597,0.6134266174508204,0.5782985167018616,0.5306726109185577,0.5677901387138136,0.6872013183522524,0.48516753514239563,0.5249385712888397
961,0.40281220561764053,0.47888947005413285,0.42172170145702514,0.6145007963600013,0.5765071980444146,0.5309469574214956,0.5559453907568069,0.6990375298260357,0.4782293215634759,0.5220484961837584
962,0.40127356409010273,0.4854347140656037,0.4337918609200416,0.6100661761530055,0.5875254327190451,0.51159020332823,0.5033107810486736,0.7401733678609244,0.48596548950069135,0.4987860823454783
963,0.4206579179904205,0.48794874773402,0.49404393274207065,0.5885118109215096,0.5983398668081185,0.48847163124322757,0.4696695529258031,0.7724595791667254,0.5071211177882948,0.44955517601697625
964,0.437350546626175,0.4852182941070883,0.5308221029502346,0.5714786011568385,0.5948426471983338,0.4869192739879079,0.4919357693351747,0.7659789614569926,0.5105670569215737,0.4285687017846316
965,0.438956291059119,0.4885537033617782,0.53238474096666,0.5687044925293478,0.589861883330467,0.4851310943741225,0.49623552418936623,0.7703942273406617,0.49911162136524356,0.42857394467637794
966,0.439973282312617,0.49899173363642313,0.5292661571423969,0.5651138450497819,0.5766556411817894,0.4793079820684989,0.501511371072599,0.7832733572779518,0.46874778917214016,0.43238903134932627
967,0.4408193505161096,0.5013531990511713,0.5292258527090153,0.5640760749127817,0.5732950869085193,0.4781603541598031,0.5044272694562915,0.7849586999118867,0.4620850510386501,0.4330427245268701
968,0.45455770296469034,0.5044439936838945,0.5437997199589989,0.5551655677794386,0.5627904001012375,0.4819288228876291,0.5470907457475992,0.7673768878322476,0.44791233796927715,0.4297366741213748
969,0.46388156543496734,0.5019730667841301,0.5523365584374154,0.5503361722203033,0.5601249398204716,0.489298356062097,0.5787166389134035,0.7459080373512506,0.4477788991508896,0.42743277845333183
970,0.4671401241227559,0.5028432594497478,0.5538339923184649,0.5488446483817034,0.5577737358181336,0.49192019238933526,0.5914147752485003,0.7379487809097001,0.4446938612191772,0.4278435169210551
971,0.4963076847927624,0.48456852984446536,0.5717512239103795,0.5299764180008513,0.5523466858600403,0.5281763614135048,0.6964760295995418,0.6289311880446957,0.4558337355413689,0.42292955190713516
972,0.5104348899610907,0.4752017627934878,0.5717101891818431,0.5186978079957973,0.5433166017282981,0.5533710690821526,0.7538947143289962,0.5467139147127726,0.45894895426545573,0.4260168432241905
973,0.5196111605829513,0.46713870395062024,0.5664836975037613,0.5114554049317416,0.5318201559583595,0.5696638132058447,0.7887534287131136,0.4808532767804043,0.46237262352268044,0.43017748661413063
974,0.5201545577084229,0.46767379286665695,0.5646244986824441,0.5114995044553037,0.5290675361380944,0.5728034139239475,0.7922053865683109,0.4723552739319333,0.46207101342670365,0.4319540519410429
975,0.5251644062411547,0.4623621720291608,0.5581246715927675,0.5087508142720724,0.5183349894062282,0.5797977738049789,0.8072513739951214,0.432772186391398,0.4646716699385291,0.4355857394472668
976,0.5298808987024018,0.4495953661306381,0.5211648050547326,0.5134943456485429,0.4895432066080427,0.5700119417564615,0.8102003000449743,0.4074261920621946,0.46082811169959853,0.4468866100954493
977,0.5287906228111117,0.44925282605970757,0.5206019184804643,0.5148893131047084,0.48943763444917926,0.5733470019415386,0.8041986299403616,0.40965786964001466,0.46070308523360365,0.44693829368599863
978,0.5254366384722785,0.4510012880349465,0.5151549380564109,0.5191175479745797,0.49111460750921654,0.5734995271796418,0.7902546347732782,0.4309930774781696,0.4576789244462703,0.44822562938997473
979,0.514456008478792,0.460956752393241,0.5008468984292678,0.5293425344019677,0.5029442465589826,0.5649196987025532,0.7539304766166777,0.5037514474994279,0.4467207067623338,0.4510997107880716
980,0.4825290238790487,0.4865226990630612,0.48259134765822764,0.5420596105534095,0.5333547369080957,0.5470949070474674,0.6513867984231293,0.6484525865357761,0.42019666397445155,0.4504363342360178
981,0.4693578137660638,0.49492910446805305,0.4795288301617698,0.5438981886838593,0.542039722021061,0.541597554733287,0.6106398489235835,0.6896157951953901,0.4106079389400715,0.4484995674100358
982,0.40143050780386674,0.530725947386003,0.5023689364815587,0.5610536069045887,0.5830546997814378,0.4856774265995311,0.4705017786365843,0.7997813561372242,0.3785962261000755,0.43661011839876557
983,0.4000312719286949,0.535852272271007,0.5084077020616984,0.560841010236668,0.5842499028809426,0.4866743054492303,0.48022864647195085,0.7963329884679801,0.3722738694949104,0.434393989806845
984,0.3999486001989005,0.5373756242770225,0.5085975073461082,0.5607126951555061,0.5840154385046269,0.4868411506184132,0.48201481765724924,0.7960039905250698,0.37021372914282324,0.4341135524751895
985,0.40658646126245834,0.5421042249693522,0.5247168888858591,0.5618695918332663,0.5910601017211328,0.5043779471988546,0.5401873683990125,0.7585390047910686,0.3703395360590206,0.42983441864128397
986,0.42766173632270105,0.5382014059200031,0.5380398108447731,0.5554574720270599,0.5894867717588754,0.5340001752396966,0.621681260373381,0.6862583317758235,0.3819618029674851,0.42494802528307135
987,0.5004117332955096,0.5027606547360441,0.5491100676543101,0.5100074936198038,0.5289653268469843,0.58433152678948,0.7689223503446396,0.45138221538539636,0.42209927427682925,0.4131588298692247
988,0.5141079690738706,0.4945548700046252,0.5466834047585298,0.4998181987166266,0.5083433173243722,0.5904684512138701,0.7795196537286646,0.40843926499249755,0.42901458059503494,0.41323674972459157
989,0.513841882997246,0.49871400373088515,0.5438110279937974,0.5009793661842513,0.5050659348664748,0.5982091657620836,0.7671199504423316,0.4056860154593379,0.4282252865591992,0.4170680739568038
990,0.5291834567852098,0.48703743250473414,0.5400815731976225,0.4906927583558807,0.48093287674857416,0.6026578991776624,0.7713907125385879,0.36844667386327096,0.43704371923946866,0.4170876942806004
991,0.5410973117975778,0.4756088712423992,0.5365104005211947,0.48322722053668715,0.4649773363227993,0.6048383084390401,0.7719585399357829,0.3528007102514093,0.44380353186068777,0.4169611608189697
992,0.5492115214463122,0.4665166365479917,0.531967957238642,0.4790522446038043,0.46010371592394156,0.6112159093698336,0.7601614619033797,0.3637462740089024,0.44766134927928874,0.4180596958740111
993,0.5514121307227986,0.4632305278699736,0.5285221761820638,0.47860438083426127,0.4655555355640657,0.6186770013323145,0.7440344444609239,0.3875874409298403,0.44799172388096686,0.4193366980182661
994,0.5025944270030152,0.5055365384689936,0.5068430546973886,0.5050866980598654,0.5651649075700436,0.579993654169703,0.5833396723610047,0.6599144820454874,0.4025290420101507,0.42683727507183933
995,0.40021832029217647,0.5566410110424308,0.5127396818564539,0.5597313471397329,0.6400286690038726,0.5243777515134309,0.5289402503377285,0.7207931635725751,0.35381665791022265,0.4312583982299375
996,0.3994600651354188,0.5598896986851888,0.5123993090554417,0.5608944569928888,0.642693135330451,0.5289895156404248,0.537484420448911,0.7140536196615495,0.3515346817418913,0.4306883974206661
997,0.4273393694089327,0.554907411383116,0.5252162267292196,0.5449254529969444,0.6139632886163974,0.5893934601904497,0.6415784366132117,0.5834808289257297,0.36873100495082295,0.4243150870386064
998,0.4786253788613834,0.5383005157520757,0.5291378251318972,0.5117822954350848,0.535734164263608,0.6245192118023309,0.6908178991113455,0.4491357857799889,0.39405027289656813,0.4199473090139003
999,0.4947264907437666,0.5322984254939993,0.5280761684642631,0.5015925529247617,0.5071609107757421,0.6356848569743763,0.6894832260984713,0.4139365926439468,0.4022218117512466,0.4207511499263039
1000,0.5626678482052141,0.472627037268288,0.5330477901367914,0.45717789813882914,0.510267273630628,0.6537180528287444,0.6680570765216329,0.47166528943361535,0.4357495162732033,0.4124057936842077
